0 0 0 0 3 55 37 39 41 42 45 46 47 49 50 50 50 51 52 53 
53 53 53 55 55 56 55 57 55 55 54 54 53 54 55 53 54 59 69 74 
65 58 56 59 58 59 61 62 62 62 62 63 62 61 61 62 62 63 63 63 
61 63 61 64 64 64 65 66 66 65 67 66 64 65 67 68 68 67 65 65 
67 65 65 66 65 65 65 66 69 69 70 70 70 71 72 74 70 74 79 75 
74 72 72 74 74 72 72 72 72 73 72 72 72 72 73 75 72 73 73 75 
75 75 76 74 77 75 76 76 75 75 73 76 76 79 77 76 75 75 75 77 
74 74 72 75 74 73 72 72 70 70 70 70 69 67 66 66 67 68 69 67 
68 67 67 65 67 66 66 66 67 67 67 67 67 66 0 0 0 0 2 46 
30 30 32 33 35 36 38 41 42 42 43 45 48 49 49 51 52 53 56 57 
55 54 56 56 52 55 55 54 54 54 62 72 74 62 56 55 57 61 58 59 
61 62 61 60 61 61 62 62 62 61 60 63 62 63 62 63 63 64 62 63 
65 65 65 66 66 66 66 65 66 65 66 65 64 65 66 65 66 67 65 66 
65 66 68 68 72 73 71 71 72 74 74 73 77 82 76 73 74 75 72 71 
72 73 73 74 73 78 74 73 75 72 72 75 75 76 76 75 75 75 76 76 
77 75 76 76 76 75 76 74 75 75 75 75 75 75 73 74 74 73 73 70 
70 70 69 68 69 69 68 72 69 68 66 66 68 67 67 67 64 64 65 67 
69 66 68 66 66 65 69 68 0 0 0 0 2 43 27 27 29 30 30 29 
29 31 30 31 33 35 36 37 38 38 41 43 48 53 55 55 55 56 54 55 
58 55 57 65 73 73 59 57 55 56 56 56 58 59 60 61 62 62 61 62 
62 63 63 62 62 63 63 62 63 64 63 62 63 64 64 66 65 64 65 65 
66 67 65 65 66 66 66 65 65 64 64 66 65 66 66 67 68 69 70 71 
70 72 74 73 73 74 71 76 81 74 75 72 73 74 74 72 72 73 74 75 
72 74 73 72 75 78 78 76 75 73 76 75 74 74 74 75 76 76 77 77 
75 74 75 75 76 74 74 72 73 72 71 76 71 70 70 70 69 69 68 68 
69 68 69 69 67 66 66 67 66 65 65 65 67 67 66 65 66 63 65 65 
66 67 0 0 0 0 2 45 29 28 28 28 27 27 28 27 28 28 29 30 
31 32 32 31 33 34 36 42 50 55 56 54 54 56 56 58 66 74 67 58 
56 56 56 56 56 57 59 60 61 61 63 61 62 63 63 63 62 61 62 63 
63 62 63 63 65 63 65 64 65 65 65 64 65 65 65 65 66 66 65 66 
66 66 66 65 65 65 66 65 66 68 67 68 69 71 72 73 74 74 72 74 
73 71 76 83 74 73 73 73 74 73 72 72 73 72 73 73 66 63 72 86 
88 84 79 69 67 67 72 81 78 75 74 74 74 74 75 72 74 75 73 74 
74 73 72 72 70 72 72 71 69 69 68 68 67 68 68 66 67 67 66 66 
65 65 65 65 67 66 64 66 65 66 65 65 65 65 66 66 0 0 0 0 
2 45 30 29 29 28 28 29 28 27 29 30 32 31 32 32 33 33 34 32 
32 34 38 46 55 58 56 55 60 70 71 65 56 55 55 56 57 58 56 58 
60 61 61 61 62 63 63 62 63 64 64 64 65 64 63 64 64 64 64 65 
65 65 64 64 64 65 63 67 66 66 66 66 65 65 63 66 63 65 65 64 
64 66 67 69 73 68 70 72 73 73 72 72 72 74 72 75 70 81 80 73 
74 72 73 68 66 62 61 62 71 66 56 54 64 62 55 52 53 53 55 60 
68 81 70 59 62 66 71 73 75 74 73 74 73 73 71 72 72 73 71 72 
69 69 69 68 69 68 68 67 67 68 68 68 66 65 65 65 65 65 65 67 
65 66 66 65 65 64 65 66 66 66 0 0 0 0 2 46 29 30 29 29 
28 28 29 29 29 30 30 31 31 31 33 34 33 33 33 33 35 35 43 53 
58 62 70 70 59 56 55 56 56 57 58 59 59 59 62 61 60 61 63 61 
62 62 63 64 63 64 62 64 63 62 64 62 64 64 64 63 63 64 64 64 
65 65 65 65 65 65 65 65 64 64 64 64 65 66 67 67 66 68 71 68 
70 72 73 74 73 73 75 76 74 76 74 71 82 73 68 64 58 55 55 60 
62 67 58 51 50 50 51 48 48 46 50 62 83 105 124 130 96 70 63 67 
86 89 79 74 72 72 73 72 72 71 70 70 69 70 68 69 69 67 67 68 
67 66 67 68 68 68 66 66 66 66 65 64 64 66 65 64 64 64 64 63 
64 65 65 66 0 0 0 0 2 45 29 28 27 29 30 29 28 29 29 30 
30 30 30 31 33 33 36 36 35 34 33 32 33 42 57 69 65 58 56 55 
56 57 57 57 58 59 59 60 60 62 62 63 63 61 61 63 63 63 63 63 
63 63 64 62 63 63 63 64 63 64 65 64 66 66 66 64 64 64 66 66 
63 65 66 64 65 65 65 65 65 68 69 69 70 70 72 73 74 73 73 74 
75 75 75 72 68 61 56 64 62 51 48 50 56 56 54 52 49 48 50 52 
55 54 52 53 62 80 106 126 144 153 153 153 151 151 169 175 153 114 82 72 
70 71 70 70 70 69 67 70 67 68 66 67 69 67 67 66 66 65 64 66 
63 66 65 65 66 66 63 64 64 63 63 64 64 65 63 64 65 65 0 0 
0 0 2 44 29 28 27 28 28 28 29 29 29 29 29 29 30 32 31 32 
34 33 35 35 34 32 31 33 43 57 58 55 55 55 55 56 57 58 60 57 
58 60 63 62 63 62 63 61 63 63 66 63 63 64 64 64 63 64 63 65 
65 66 62 63 65 64 66 64 64 65 64 63 64 64 64 64 65 64 65 66 
66 68 70 75 79 82 85 85 86 86 87 86 83 81 78 76 69 59 49 43 
45 52 50 42 44 51 49 48 47 48 50 53 58 61 67 73 72 81 99 104 
97 87 79 73 71 75 79 94 117 147 166 161 116 74 64 67 69 69 70 70 
70 69 68 66 67 67 66 64 64 65 65 63 64 65 64 62 64 64 66 64 
62 62 62 65 63 64 65 65 64 63 65 66 0 0 0 0 2 44 29 27 
27 28 28 28 28 29 30 29 28 30 30 30 28 28 29 29 30 34 34 33 
30 30 32 43 55 54 55 55 56 57 57 58 58 59 59 61 62 62 63 62 
62 62 63 64 65 65 63 65 64 63 62 63 64 63 63 63 63 63 64 65 
63 64 64 65 64 64 63 63 62 62 62 65 65 69 78 90 99 111 113 104 
97 92 89 88 87 87 90 92 93 79 56 48 46 50 50 47 46 42 42 45 
40 37 39 45 51 55 60 66 76 87 88 77 62 49 41 38 37 36 35 34 
35 36 38 42 50 73 105 118 92 75 75 69 67 68 66 67 67 67 67 66 
64 66 66 65 64 63 66 64 65 64 63 64 64 64 64 62 63 63 63 64 
64 64 65 64 65 65 0 0 0 0 2 44 28 28 28 29 29 28 30 29 
29 29 29 31 30 28 29 32 35 35 29 28 29 30 29 29 29 35 49 53 
54 56 57 56 58 58 60 59 60 60 61 63 62 62 61 63 62 64 63 65 
63 63 64 63 63 64 65 62 63 64 63 62 63 63 63 64 64 63 63 63 
62 63 63 64 68 76 86 90 91 91 86 79 78 76 76 74 73 75 75 76 
74 70 65 64 60 56 49 47 52 52 46 44 46 46 46 45 42 42 48 55 
66 78 82 65 49 41 36 36 34 35 35 33 33 33 32 32 32 31 31 32 
37 54 80 103 106 82 73 67 67 68 66 66 66 67 65 65 64 64 64 64 
66 65 63 64 64 64 62 62 63 63 62 64 63 64 64 63 64 64 64 65 
0 0 0 0 2 42 28 28 28 29 28 29 29 29 30 29 29 30 29 29 
37 51 61 64 43 27 24 27 28 28 28 31 43 51 56 55 56 56 57 58 
59 61 61 62 61 61 62 62 65 64 62 63 63 62 61 64 64 64 63 63 
62 62 62 64 63 63 62 62 64 62 63 62 62 63 63 64 71 79 87 88 
83 76 70 68 69 69 69 71 72 71 72 72 75 73 63 55 55 64 60 51 
46 50 57 58 49 47 48 50 52 51 51 52 56 69 76 67 48 37 35 32 
33 33 34 34 33 32 33 32 31 31 31 30 31 29 30 31 35 51 79 94 
81 70 66 69 67 67 68 67 66 65 64 64 64 64 64 64 64 63 64 63 
62 61 64 62 64 63 64 64 62 63 65 64 63 65 0 0 0 0 2 42 
27 26 27 30 29 29 32 29 31 29 31 29 30 33 46 54 49 58 55 33 
24 24 27 28 28 29 36 50 55 56 56 59 59 58 59 61 60 60 62 62 
61 63 63 63 63 63 64 61 62 63 63 62 64 63 62 61 62 62 64 63 
63 61 64 62 61 60 60 64 70 81 85 82 73 69 67 67 65 66 68 71 
71 72 71 71 73 73 70 62 52 53 62 52 48 48 48 52 52 50 48 49 
52 52 53 52 52 58 74 77 55 40 35 33 33 33 33 33 33 34 33 32 
32 32 32 32 30 30 30 29 28 29 29 30 33 50 72 72 66 69 67 68 
65 66 66 64 64 65 64 63 64 62 64 63 63 63 63 62 63 63 64 62 
62 63 63 64 65 64 63 64 0 0 0 0 2 41 27 26 27 28 30 29 
29 30 30 29 30 30 31 36 51 48 35 38 48 35 24 23 26 26 27 27 
32 48 55 55 58 58 59 59 59 61 61 61 63 62 65 62 62 63 63 61 
62 63 64 63 63 61 62 63 61 60 62 62 61 62 62 61 60 61 63 66 
72 83 82 78 69 64 65 61 64 64 66 68 69 69 70 73 72 74 74 65 
56 47 47 48 45 44 46 47 50 46 47 49 52 54 53 51 52 54 63 73 
67 47 35 34 33 32 32 31 34 32 33 35 34 33 33 35 34 33 33 32 
31 29 31 29 29 29 28 29 38 54 64 67 66 66 66 66 66 66 67 65 
65 65 64 64 63 61 61 62 62 62 63 64 63 63 62 63 62 63 63 65 
66 65 0 0 0 0 2 41 27 28 28 28 29 30 28 28 29 30 30 31 
30 39 62 66 52 38 40 33 24 22 24 27 27 27 29 44 54 56 56 57 
59 59 60 61 60 63 64 63 63 62 64 61 62 62 63 62 62 63 61 64 
59 63 62 62 60 60 62 61 61 60 58 61 69 75 82 76 67 61 60 63 
64 62 64 65 68 69 69 70 70 72 73 69 59 48 40 37 38 40 38 38 
45 47 49 48 51 53 52 50 48 49 52 60 73 63 41 35 32 32 31 34 
32 33 33 35 33 35 36 36 39 36 36 36 34 32 31 30 31 30 30 29 
28 29 29 34 47 61 67 65 66 66 66 68 65 63 63 62 58 57 52 46 
44 47 54 57 59 60 63 62 63 62 62 63 65 65 66 64 0 0 0 0 
2 43 28 28 28 30 28 29 27 28 30 30 29 29 29 39 70 94 71 53 
45 31 23 22 26 28 27 27 28 40 54 56 57 57 58 56 54 54 56 57 
52 51 51 53 56 59 61 61 61 61 62 61 59 63 61 61 62 62 61 60 
60 60 61 60 66 73 76 72 64 61 60 60 62 63 63 64 67 66 66 67 
71 72 72 72 68 55 44 38 36 39 41 41 42 36 41 47 47 50 52 50 
48 47 49 49 60 69 59 39 32 32 32 32 32 34 34 33 37 43 55 69 
82 91 94 95 87 78 61 48 37 33 32 31 30 29 29 28 29 29 31 43 
63 65 65 63 63 64 65 59 47 40 35 32 31 28 29 31 32 32 32 38 
54 61 62 63 61 62 64 64 63 65 0 0 0 0 2 45 30 28 28 28 
29 28 28 29 28 30 29 29 30 36 53 83 86 62 39 26 21 22 26 26 
29 27 28 40 52 55 54 45 40 37 36 38 41 43 43 39 36 39 39 41 
43 48 52 58 62 61 60 63 60 60 59 60 60 60 59 59 63 71 75 74 
67 63 61 60 60 61 62 63 63 62 65 66 67 68 71 69 69 67 54 43 
37 38 40 42 44 41 44 47 48 49 40 36 38 39 42 45 47 55 67 55 
40 33 31 32 32 32 34 34 40 56 80 105 124 136 142 145 145 145 141 137 
127 113 94 70 47 36 32 32 32 30 29 29 29 31 45 60 65 65 64 59 
46 37 31 29 26 25 25 24 25 25 24 23 22 24 36 53 61 58 61 62 
61 64 64 63 0 0 0 0 2 43 27 28 30 30 30 30 28 27 28 28 
29 29 28 30 32 39 40 34 28 25 22 23 26 29 27 27 29 37 42 47 
45 35 32 32 33 32 37 38 36 37 37 35 33 33 34 36 35 38 46 56 
58 59 60 60 59 60 58 57 61 65 72 74 65 60 59 58 60 59 59 59 
60 62 64 65 66 67 69 70 70 72 65 51 42 39 42 46 46 45 45 44 
47 52 53 53 47 40 36 34 35 41 50 62 53 37 32 31 32 33 32 33 
38 55 90 124 143 153 160 165 171 176 179 176 172 168 159 152 142 132 109 75 
46 35 32 32 30 28 29 28 30 45 63 64 53 37 29 27 31 30 27 27 
26 25 27 29 30 25 19 20 25 31 48 58 63 62 63 62 63 63 0 0 
0 0 2 45 28 29 31 29 27 28 28 27 30 29 29 29 29 31 32 35 
35 31 27 25 25 25 28 27 28 27 29 30 33 33 36 35 36 34 34 34 
35 36 39 43 44 44 43 42 43 42 37 33 33 35 41 51 57 58 59 60 
59 63 69 70 65 60 58 58 61 58 59 58 60 60 61 62 64 64 66 66 
68 69 69 66 48 41 42 42 47 46 45 45 45 46 49 53 53 54 54 53 
47 45 43 45 56 52 38 32 30 31 30 32 33 46 83 125 149 160 169 179 
188 194 195 195 195 193 193 192 192 185 175 162 148 133 106 66 39 32 32 30 
30 28 33 32 45 47 36 29 27 38 56 58 57 56 56 56 58 60 59 52 
31 19 20 24 36 50 59 61 60 61 62 63 0 0 0 0 2 50 30 30 
31 30 27 28 27 26 26 27 28 32 30 30 33 35 35 31 27 25 28 27 
27 31 28 28 28 29 30 32 36 35 36 36 38 37 36 39 41 42 43 39 
36 35 34 38 37 39 38 35 32 33 42 54 58 60 64 69 66 62 57 56 
58 57 58 58 57 58 59 60 62 63 65 66 67 68 66 67 68 58 40 39 
41 41 40 42 44 47 50 54 53 51 53 54 54 51 49 48 45 50 53 38 
31 31 29 31 31 36 60 106 144 162 172 183 189 191 188 182 174 171 169 168 
170 172 176 179 185 186 178 163 146 124 85 48 35 33 31 31 29 28 34 43 
35 32 42 58 63 62 64 64 63 63 64 60 61 60 44 23 20 24 28 36 
54 59 60 62 62 62 0 0 0 0 2 48 31 30 29 27 28 26 24 26 
29 26 27 30 31 31 30 30 31 30 29 28 30 28 29 30 28 29 29 30 
30 30 30 36 36 38 40 40 37 32 29 28 27 28 25 26 24 25 24 24 
24 26 32 34 30 44 63 66 65 61 58 58 56 56 54 56 57 58 58 58 
58 59 60 62 64 65 68 66 68 70 69 54 41 39 39 37 37 43 45 46 
47 52 53 52 53 52 48 46 47 46 47 51 40 32 29 30 31 31 35 72 
124 157 170 181 192 190 180 167 156 144 137 132 134 135 139 144 151 158 163 170 
178 184 173 154 136 98 52 35 32 31 29 29 28 33 40 51 61 64 63 63 
62 61 63 62 63 60 60 60 56 34 22 21 24 30 43 56 59 60 61 62 
0 0 0 0 2 47 31 30 29 27 26 25 24 26 26 26 27 28 29 31 
30 29 29 29 29 30 30 29 29 29 28 29 30 30 30 32 35 35 35 37 
33 31 29 28 27 28 27 26 25 25 24 23 23 23 23 22 24 35 55 61 
53 51 55 57 57 55 57 55 55 55 57 56 57 58 57 59 61 61 61 63 
66 66 68 66 57 43 38 39 37 36 38 44 45 44 44 46 50 53 51 48 
46 41 44 45 48 41 31 30 29 29 30 38 76 134 162 176 186 191 180 163 
146 132 125 122 117 117 127 136 130 127 126 129 139 148 159 168 177 178 162 139 
105 57 36 32 30 31 29 29 39 57 63 64 64 63 64 62 62 59 60 59 
57 58 59 40 23 19 22 27 34 52 60 60 60 59 0 0 0 0 2 46 
30 28 27 26 25 24 23 24 23 25 25 27 28 30 29 28 29 28 28 42 
29 29 28 29 28 29 30 31 33 32 35 34 33 32 28 28 26 26 27 28 
27 27 27 26 25 26 23 23 25 32 47 57 53 35 27 28 38 52 56 57 
57 56 55 54 55 58 57 57 58 60 62 63 62 63 65 66 63 50 42 36 
35 36 35 33 40 45 44 41 43 50 55 50 48 44 42 38 39 44 42 32 
29 28 29 29 38 78 138 166 178 187 185 169 149 134 129 126 126 124 122 123 
141 158 159 154 147 136 125 127 139 150 161 171 178 165 142 106 56 36 32 31 
30 29 30 44 61 62 63 63 62 61 60 60 58 61 60 59 57 41 22 18 
20 24 29 41 57 61 63 62 0 0 0 0 2 44 28 27 27 25 23 23 
23 24 23 24 25 26 26 27 28 27 28 27 28 29 29 29 30 30 29 30 
31 30 32 33 33 29 27 28 27 26 27 30 31 37 46 54 61 61 55 46 
35 35 52 60 51 34 24 20 18 21 24 35 51 53 54 56 55 55 56 55 
57 58 64 59 61 60 61 65 64 63 50 39 36 32 30 33 34 34 37 42 
41 40 45 49 49 46 44 42 39 38 40 42 34 29 33 30 29 33 70 135 
170 179 189 184 162 140 131 131 133 132 133 129 127 130 149 174 179 175 169 162 
139 118 123 129 143 156 168 177 166 142 103 51 34 33 31 29 28 32 51 60 
65 63 61 61 59 61 60 58 60 59 57 46 24 18 18 23 25 33 51 59 
59 61 0 0 0 0 2 43 27 26 25 24 23 22 22 23 23 23 25 26 
27 26 27 27 27 26 26 26 27 29 28 29 30 29 29 31 31 31 27 27 
27 27 28 32 44 69 91 106 117 122 125 124 119 103 85 78 81 58 31 23 
19 19 18 18 19 24 37 51 53 55 54 55 56 55 56 57 57 59 61 62 
63 63 65 53 39 34 31 31 29 34 35 35 36 42 40 42 47 47 46 43 
42 40 38 37 40 38 30 28 27 28 31 61 125 165 181 188 182 159 142 143 
140 136 123 112 105 101 103 123 154 182 193 191 187 181 160 131 121 119 129 138 
151 163 174 164 140 96 44 33 31 29 27 28 38 55 61 61 60 61 59 59 
59 59 56 56 57 52 31 20 20 20 24 26 44 57 61 61 0 0 0 0 
2 41 25 24 24 24 23 22 23 24 23 24 25 24 25 25 25 25 26 25 
25 26 27 28 29 30 31 30 30 30 29 28 27 26 26 32 49 77 106 122 
127 129 128 124 117 106 91 85 95 113 120 112 85 49 25 19 18 18 18 19 
27 46 54 55 55 56 55 56 57 59 60 60 73 77 75 73 65 43 34 29 
27 29 32 34 36 36 35 36 40 46 45 43 41 40 38 38 35 37 39 32 
28 28 28 29 47 111 161 178 188 183 161 145 144 140 122 102 89 85 86 89 
96 122 158 184 193 194 194 193 177 142 129 122 122 125 135 150 163 172 159 131 
78 40 32 28 27 25 27 44 58 61 60 60 59 58 56 55 56 57 55 53 
43 23 20 19 22 24 34 53 60 62 0 0 0 0 2 40 24 23 24 24 
23 23 22 23 22 22 24 25 24 25 25 24 24 24 25 26 26 30 31 30 
31 30 31 31 26 26 28 27 35 69 105 126 131 128 115 103 93 81 73 64 
63 73 86 98 112 122 126 116 78 31 20 18 17 20 24 34 52 55 55 56 
57 56 57 57 63 82 111 118 101 91 64 34 28 26 28 31 33 34 36 38 
39 37 41 41 35 32 33 35 38 37 35 40 34 28 27 28 29 38 89 153 
176 187 186 165 150 147 133 106 79 77 81 85 86 90 100 128 162 186 192 193 
193 195 185 149 136 131 123 118 123 135 149 164 171 154 120 61 34 29 26 25 
25 32 51 58 59 60 56 55 56 58 56 56 55 54 51 34 30 29 23 26 
30 49 59 61 0 0 0 0 2 39 24 23 23 23 22 22 22 23 23 22 
24 25 24 25 26 23 23 25 26 27 28 30 30 30 30 31 32 30 27 26 
31 44 80 112 124 120 107 93 82 73 67 62 56 56 55 54 57 61 72 86 
103 119 121 95 46 35 61 94 107 107 107 109 105 102 95 91 87 73 74 111 
124 107 90 72 43 30 27 27 30 32 35 36 37 39 42 40 42 37 31 28 
29 30 32 34 35 37 30 28 26 28 30 67 136 171 185 189 171 154 143 106 
60 72 70 75 81 83 86 90 103 135 167 185 192 192 191 193 186 142 125 131 
129 123 119 124 137 151 164 166 143 100 46 30 26 25 24 25 43 57 59 58 
57 56 55 55 55 54 54 54 52 42 67 75 38 40 48 54 59 63 0 0 
0 0 1 36 21 20 21 22 20 21 22 22 23 24 27 27 29 29 26 26 
28 25 26 26 28 30 31 31 32 31 35 43 49 54 70 85 97 97 90 86 
89 95 103 94 82 68 59 58 53 50 52 55 59 62 73 89 110 120 100 84 
116 141 144 146 146 144 144 145 140 139 136 103 86 120 112 90 76 56 32 27 
29 30 29 30 35 40 41 44 42 42 42 39 36 33 32 30 31 33 34 33 
27 26 26 27 43 112 165 181 188 178 156 140 90 37 24 60 67 75 81 83 
89 93 108 141 171 187 190 190 190 191 186 136 105 119 130 130 121 117 124 137 
153 166 160 130 75 36 27 25 23 23 34 51 55 56 57 56 55 55 56 55 
55 54 44 30 56 87 62 62 63 60 61 63 0 0 0 0 1 30 15 14 
13 12 14 15 22 26 29 34 37 39 41 42 35 29 26 26 24 26 29 34 
41 45 43 39 45 71 85 82 83 90 95 105 114 119 123 125 129 127 122 113 
84 67 60 53 47 49 53 56 60 64 78 102 104 102 132 143 145 148 145 145 
145 142 144 147 138 102 84 105 89 73 62 45 32 30 30 31 28 29 35 43 
43 42 43 42 41 38 36 35 33 32 33 33 34 29 27 26 26 31 76 152 
179 189 184 163 141 88 36 22 17 47 69 74 81 84 89 94 115 147 174 186 
190 192 188 190 188 137 88 101 121 132 129 120 117 128 141 157 166 150 110 51 
27 24 22 23 25 43 54 56 55 55 54 54 53 54 53 43 34 40 50 84 
72 48 56 60 60 61 0 0 0 0 1 41 14 11 14 10 12 19 27 33 
38 55 81 103 119 118 96 63 43 41 45 47 50 59 67 70 73 74 80 90 
91 101 118 124 128 128 130 129 128 129 130 130 128 126 108 76 67 62 52 48 
48 53 58 60 60 72 87 106 137 143 144 145 145 145 145 143 142 145 139 102 
79 81 68 60 54 42 34 30 29 28 27 30 35 42 44 42 40 40 41 40 
37 34 34 33 33 32 34 27 26 26 27 49 121 170 185 190 173 146 89 47 
24 18 16 34 70 71 81 85 91 98 122 153 177 187 190 187 187 189 188 141 
86 84 102 122 131 127 117 120 131 145 160 161 134 81 34 26 24 22 22 33 
51 55 55 54 54 53 52 53 48 63 98 118 99 85 86 63 58 60 60 61 
0 0 0 0 2 45 16 10 10 11 11 17 24 26 36 82 146 180 195 200 
191 151 75 43 39 37 37 58 90 108 114 116 120 119 104 111 135 139 137 133 
132 131 131 131 131 132 129 129 113 75 64 69 61 51 47 48 55 58 57 59 
79 108 139 151 144 142 141 143 143 145 149 148 139 99 71 67 59 55 46 36 
32 28 27 26 27 33 34 36 38 37 37 39 42 42 41 37 35 34 33 34 
30 26 25 27 31 81 154 180 190 183 158 104 34 32 29 17 15 25 70 73 
81 86 90 100 128 159 180 187 187 179 180 187 188 147 84 77 85 106 123 131 
123 115 121 135 151 162 151 112 53 27 24 21 24 25 44 54 56 54 52 51 
52 58 78 108 129 136 118 85 96 73 59 58 61 61 0 0 0 0 2 41 
14 12 15 18 15 15 21 26 47 106 171 198 213 218 219 200 109 30 21 23 
26 53 97 118 122 122 123 122 108 129 173 184 174 151 136 132 130 132 132 132 
131 129 110 72 60 63 67 62 49 46 50 56 56 58 77 109 141 152 146 145 
143 146 143 147 150 147 138 96 67 64 60 53 38 31 28 27 26 24 26 30 
33 34 35 34 36 39 38 36 36 38 36 34 32 34 29 26 26 27 48 121 
173 186 191 173 127 48 19 17 18 16 15 19 58 76 83 88 93 104 134 165 
182 189 190 183 181 186 189 153 85 75 77 88 111 128 128 118 116 126 141 156 
160 134 80 30 23 21 21 22 37 52 54 52 53 53 65 88 105 118 130 137 
126 88 88 78 59 59 61 63 0 0 0 0 2 57 36 39 41 36 31 28 
28 33 61 120 174 200 215 222 226 219 168 73 42 42 47 69 99 112 114 117 
121 121 116 149 198 217 215 184 142 131 131 130 131 131 129 129 116 78 67 66 
68 73 62 51 50 57 60 61 76 109 143 149 145 145 146 145 144 145 146 147 
143 117 94 78 60 45 29 25 25 26 25 25 27 29 31 34 33 31 33 35 
34 33 35 37 34 32 32 32 26 26 27 30 76 151 180 191 185 153 77 22 
17 34 74 66 47 27 45 87 91 90 97 110 141 170 184 188 191 194 191 187 
189 160 88 74 73 78 95 117 129 123 114 118 132 147 159 149 108 43 25 21 
19 18 30 49 54 55 53 60 86 105 113 119 127 133 131 102 84 84 64 61 
61 63 0 0 0 0 4 68 53 62 62 56 46 39 43 51 74 125 170 194 
210 219 225 223 193 132 97 89 86 93 103 100 97 98 97 101 108 139 189 218 
226 201 145 122 124 122 126 127 123 127 130 121 119 115 107 100 90 80 78 81 
81 76 78 92 112 117 118 116 116 116 119 115 118 120 120 118 117 94 59 35 
25 26 28 25 23 26 27 28 30 32 29 29 32 33 32 31 34 36 33 32 
33 30 27 26 26 40 108 170 188 193 175 125 45 17 19 60 135 152 148 103 
58 113 100 92 98 115 148 175 185 188 188 188 188 185 188 165 91 73 74 75 
81 103 123 128 117 113 124 138 153 157 129 68 27 22 20 18 24 44 52 53 
59 80 109 120 121 120 123 130 133 111 83 91 72 61 61 64 0 0 0 0 
3 63 47 55 59 57 50 58 77 85 86 124 163 184 199 211 217 216 193 149 
134 134 132 127 127 113 108 104 90 88 96 126 174 205 212 191 148 141 147 143 
156 159 149 152 169 169 177 169 161 151 107 84 72 67 62 60 53 55 57 56 
54 53 53 51 53 53 56 57 54 58 61 63 47 29 24 26 25 24 23 25 
26 28 29 30 27 28 31 31 32 32 35 35 32 31 33 29 26 27 27 60 
139 180 192 191 158 93 40 19 27 99 143 158 164 155 116 131 109 93 99 122 
155 179 185 187 188 188 186 185 187 170 95 73 74 74 75 89 115 126 122 112 
117 131 146 159 143 96 35 22 21 19 20 39 51 66 95 118 118 113 110 112 
117 125 132 122 86 91 84 65 61 65 0 0 0 0 3 62 48 55 63 71 
78 85 83 68 73 117 156 174 188 202 208 209 168 95 76 87 102 112 120 123 
123 118 103 88 88 115 165 196 202 174 99 73 78 80 90 89 90 92 100 102 
102 103 110 95 73 65 66 65 66 64 53 54 54 52 50 48 47 48 47 44 
46 46 44 45 49 53 40 25 22 21 21 22 22 25 24 26 26 27 27 27 
28 29 30 33 33 34 31 32 31 28 26 27 31 89 161 186 196 187 140 83 
62 50 53 81 103 115 124 129 126 118 107 97 104 131 164 182 186 187 186 186 
185 186 187 174 100 74 73 73 74 80 100 121 125 116 113 125 140 155 154 119 
50 24 21 20 19 32 56 90 112 92 76 85 98 106 111 120 130 127 96 83 
92 69 64 63 0 0 0 0 4 76 64 71 78 81 77 68 56 46 62 107 
148 162 172 182 189 195 155 83 58 59 64 66 71 79 94 111 122 126 117 127 
160 189 195 170 108 78 73 72 74 73 73 75 79 80 79 87 95 76 60 61 
64 64 70 69 57 54 53 52 51 49 46 46 46 44 44 44 44 45 46 49 
32 21 20 20 20 20 24 24 24 23 24 26 26 25 27 30 29 31 35 34 
30 34 32 27 27 26 44 120 174 190 200 206 192 162 130 100 79 67 62 66 
69 66 64 64 77 95 111 147 174 185 185 187 186 186 185 186 186 177 104 72 
70 73 71 73 89 114 127 121 110 117 132 149 157 134 70 27 21 20 20 28 
68 107 96 65 58 73 89 100 108 114 127 129 108 80 93 75 65 65 0 0 
0 0 4 92 74 71 72 73 68 66 61 58 65 95 134 152 157 164 172 179 
148 108 89 82 76 73 73 72 72 76 83 92 97 115 154 182 188 169 143 132 
101 56 42 42 42 44 42 42 41 40 38 33 29 32 37 39 45 46 45 42 
40 37 36 33 32 33 32 32 32 32 34 40 41 39 26 20 18 19 20 21 
24 25 27 24 24 24 26 25 26 25 27 31 34 32 30 31 31 27 27 27 
61 144 183 197 201 203 209 214 215 207 182 139 98 77 70 62 60 58 70 97 
133 167 185 186 186 186 187 185 184 186 186 182 117 74 70 72 73 73 81 103 
122 124 110 113 126 143 155 144 95 36 21 20 19 26 73 105 98 86 78 71 
84 94 103 108 122 127 118 83 87 85 66 62 0 0 0 0 3 61 41 39 
48 54 61 54 40 32 36 66 110 129 129 125 122 106 73 55 52 50 46 46 
45 44 43 43 52 85 110 126 155 176 178 140 105 124 146 134 92 48 27 24 
27 29 29 26 23 22 25 28 26 25 35 45 51 49 44 41 37 34 32 30 
29 29 29 29 30 35 42 38 23 19 20 21 20 21 23 26 25 24 23 25 
26 24 23 25 25 28 31 31 30 31 28 28 29 31 87 163 188 200 196 199 
205 208 211 213 215 212 200 173 137 98 69 65 86 132 169 187 189 187 187 188 
188 187 186 185 187 189 139 78 71 72 72 73 76 92 115 125 114 110 120 136 
155 151 112 47 23 20 19 22 45 71 84 88 87 74 75 81 86 89 100 113 
112 88 80 92 66 53 0 0 0 0 1 27 17 17 18 17 17 14 12 10 
14 31 60 70 55 32 25 19 15 14 13 14 16 15 16 16 19 19 39 92 
123 139 159 170 168 121 72 76 83 111 149 139 84 42 30 32 37 43 47 38 
35 35 30 26 25 41 61 69 67 61 53 47 43 40 38 35 36 34 32 35 
42 36 23 20 20 21 22 24 27 31 24 24 23 23 34 27 23 23 24 26 
28 29 30 31 28 28 27 37 111 176 192 199 191 196 200 204 206 207 208 208 
210 212 211 201 168 154 171 189 198 194 190 186 184 181 181 181 184 185 188 193 
168 94 72 71 71 71 73 84 109 124 119 110 116 131 148 157 129 63 25 21 
21 21 35 61 77 89 94 72 67 69 71 70 75 86 78 71 76 96 70 50 
0 0 0 0 0 22 13 11 11 10 10 10 10 9 10 11 15 16 13 10 
11 11 11 11 12 12 13 14 15 17 18 20 52 107 139 153 161 166 164 130 
67 66 81 54 63 107 140 128 67 41 60 82 78 56 60 61 54 46 36 37 
64 98 107 102 89 72 63 57 54 51 48 45 43 43 44 39 23 21 22 23 
23 23 28 34 27 24 24 24 23 23 23 24 24 25 27 29 32 30 26 27 
28 51 138 181 195 199 195 196 198 201 203 202 204 204 204 205 204 206 207 208 
207 201 193 189 179 167 162 160 164 166 172 179 187 193 188 131 80 71 71 72 
73 80 99 118 121 109 111 126 144 157 139 80 30 22 20 21 30 59 74 85 
88 69 67 69 68 69 72 82 73 67 63 88 80 54 0 0 0 0 1 21 
12 10 11 10 10 10 9 9 9 9 9 10 10 10 10 10 11 13 13 14 
15 16 17 18 19 25 64 116 148 166 171 170 169 159 90 53 94 74 33 36 
61 94 111 136 130 93 88 91 94 91 86 79 72 65 69 102 129 131 114 96 
84 77 74 69 64 60 57 54 50 34 22 22 23 22 21 21 24 28 31 25 
24 23 23 22 23 23 23 24 26 29 32 31 28 28 30 66 154 186 198 198 
195 197 200 202 201 200 201 201 201 202 200 199 200 199 198 195 188 171 155 149 
150 152 157 161 164 170 178 188 194 180 118 81 75 74 75 78 94 115 122 111 
108 122 140 154 146 97 37 23 22 21 26 51 76 83 82 73 78 85 88 85 
86 94 94 85 67 73 91 60 0 0 0 0 1 30 17 14 14 12 9 8 
8 8 9 9 12 13 14 14 14 15 18 19 24 28 30 31 32 34 35 38 
70 118 155 178 190 193 192 177 100 41 83 97 40 21 26 41 80 137 138 110 
112 113 115 117 115 110 102 95 83 96 134 147 128 110 100 93 88 84 78 74 
69 66 57 34 25 23 22 22 19 19 21 23 30 30 24 23 24 24 25 23 
24 23 26 29 34 30 29 31 34 85 166 190 201 194 193 199 202 203 200 201 
200 198 196 198 197 196 195 193 193 191 173 148 142 142 144 147 153 157 162 166 
173 182 192 200 184 144 120 117 116 115 121 135 141 128 118 120 135 153 151 110 
45 24 22 21 25 49 78 87 89 90 91 94 93 90 93 99 98 78 51 53 
92 74 0 0 0 0 2 40 20 15 16 15 10 9 10 10 10 11 16 17 
19 20 20 21 20 21 26 33 36 37 37 39 40 41 63 112 150 169 185 186 
175 132 57 32 70 113 60 22 23 29 38 49 72 115 156 158 158 160 161 160 
159 156 138 115 124 137 120 108 101 95 90 86 82 76 72 68 58 32 24 23 
20 21 19 20 21 23 24 30 27 24 27 32 32 31 29 27 28 30 33 30 
29 29 39 103 175 194 199 186 190 197 201 202 201 203 199 186 188 196 194 192 
192 193 192 179 150 140 138 140 139 141 144 151 157 164 170 177 185 193 198 195 
196 196 194 192 192 192 190 180 157 130 133 150 154 122 55 25 22 23 23 40 
57 66 76 80 75 76 82 85 82 67 48 39 31 39 81 82 0 0 0 0 
1 40 19 14 14 17 12 10 12 13 15 15 20 22 23 22 24 23 21 20 
25 34 36 36 37 37 37 39 56 103 136 147 155 153 128 69 35 31 60 119 
82 30 32 38 48 49 54 94 137 138 135 142 142 142 137 130 119 101 106 114 
103 98 93 91 85 80 77 71 67 63 47 25 22 22 22 21 20 20 22 23 
23 25 24 22 26 30 34 31 33 33 29 31 33 30 30 30 45 121 181 196 
192 170 177 190 197 201 200 202 202 193 191 196 194 192 192 192 188 161 141 139 
138 139 138 138 139 144 150 160 165 172 177 185 190 190 190 189 187 185 186 184 
185 180 166 137 130 147 155 131 66 26 23 24 24 38 54 56 58 60 60 64 
74 74 62 38 32 36 31 33 67 92 0 0 0 0 1 38 17 15 16 18 
12 10 10 13 13 15 18 22 23 23 22 22 21 22 27 33 36 37 39 36 
33 33 51 81 101 113 115 101 63 36 32 29 52 116 96 42 54 65 84 97 
93 111 134 136 132 137 135 136 128 121 113 94 100 105 96 89 87 86 79 74 
73 71 66 59 40 23 24 24 22 21 20 22 23 23 29 24 22 21 22 22 
23 25 30 34 30 32 33 31 30 31 54 138 185 198 178 137 150 174 188 197 
200 200 202 206 203 197 192 192 192 195 180 152 143 143 143 144 143 139 143 146 
147 154 159 165 168 177 184 183 184 184 182 181 181 179 178 177 167 142 128 143 
157 137 77 30 24 25 23 36 54 58 56 57 59 60 62 62 57 39 30 30 
31 36 51 94 0 0 0 0 1 39 16 15 16 18 12 10 11 12 13 14 
22 22 23 23 23 25 24 25 30 34 36 37 40 44 45 40 37 41 45 49 
44 32 25 26 31 29 48 114 106 47 54 72 108 118 105 113 142 146 134 128 
119 114 108 105 94 89 96 101 92 87 83 80 77 71 68 71 70 56 35 23 
22 24 23 22 20 24 22 23 23 23 23 22 23 23 23 24 28 30 27 31 
34 31 31 32 64 150 189 199 166 111 111 143 173 188 196 199 200 201 202 199 
196 193 194 193 175 154 155 163 170 171 168 156 148 149 145 150 155 159 162 170 
181 181 181 182 180 179 178 177 176 175 167 143 129 142 157 142 87 33 24 24 
24 35 54 59 59 59 60 60 61 62 61 46 33 31 34 40 41 81 0 0 
0 0 1 37 16 14 18 20 14 12 12 14 13 14 22 22 23 24 25 25 
25 27 31 35 35 36 41 46 49 42 35 37 37 33 28 23 22 23 27 31 
45 109 111 49 41 59 112 138 138 141 154 152 138 131 124 120 113 99 87 82 
91 96 88 84 81 79 74 68 66 71 69 53 32 22 23 24 23 23 22 26 
24 23 24 24 22 23 23 22 23 25 27 28 27 31 34 31 32 34 71 158 
192 199 160 110 103 112 141 168 187 195 198 198 200 200 199 198 197 192 167 157 
168 179 179 177 176 174 159 144 142 147 151 156 158 167 176 180 179 179 178 177 
173 174 176 175 168 147 127 140 154 146 96 36 25 25 25 34 53 59 60 61 
61 60 61 62 62 53 36 30 31 31 35 65 0 0 0 0 2 40 20 16 
19 21 16 12 13 15 14 16 21 24 24 25 27 29 26 27 32 37 37 37 
40 47 50 42 37 36 40 30 25 24 22 21 25 39 51 104 121 53 37 45 
97 138 145 147 157 156 136 127 122 117 109 92 89 84 87 93 89 85 82 80 
69 58 59 66 64 49 31 22 22 24 23 22 23 22 24 23 23 23 23 22 
24 22 23 25 25 26 27 32 33 31 32 34 78 166 194 200 153 106 100 101 
108 137 168 186 197 198 197 199 199 200 202 185 160 165 177 180 178 176 177 176 
172 154 142 143 147 152 155 162 172 180 179 177 178 174 168 172 176 176 172 152 
132 138 153 150 104 41 26 25 27 33 51 61 61 63 64 61 62 62 63 60 
42 32 31 31 32 53 0 0 0 0 2 40 19 17 21 23 17 13 14 16 
16 17 22 24 26 27 28 31 32 32 34 37 38 38 42 47 48 43 36 36 
35 29 25 25 23 20 26 50 57 99 123 54 33 35 79 128 141 150 166 154 
124 114 107 104 99 92 83 77 86 92 99 98 90 89 81 66 60 63 63 48 
30 22 23 23 21 22 23 24 24 23 23 22 21 23 23 23 23 24 25 25 
27 32 33 30 33 37 85 172 196 200 146 99 95 96 96 105 135 166 185 194 
197 201 200 200 203 181 163 173 180 178 177 176 176 175 174 164 146 141 144 149 
152 158 170 179 179 178 181 180 180 177 179 177 174 155 131 138 154 151 109 44 
26 28 28 34 52 61 62 62 62 62 64 64 65 64 48 34 33 32 32 42 
0 0 0 0 1 41 20 19 22 24 18 16 16 17 16 18 22 25 26 29 
34 41 38 35 35 37 38 38 41 47 48 42 36 36 35 28 24 23 22 20 
25 44 51 92 121 54 28 30 72 121 141 161 182 156 123 115 109 105 100 90 
75 70 84 93 96 95 91 101 112 113 101 83 60 48 32 23 23 22 20 23 
24 24 23 24 22 22 22 23 22 22 24 24 25 26 26 32 33 31 31 37 
91 175 196 199 138 94 94 93 92 94 102 130 166 184 195 199 200 202 204 177 
167 178 183 180 177 175 175 175 175 170 150 142 142 147 151 156 167 177 179 178 
180 181 181 179 176 175 167 140 124 137 153 154 114 47 27 29 29 34 53 62 
64 64 62 63 61 65 64 66 56 38 33 33 33 36 0 0 0 0 2 46 
23 20 21 24 19 15 17 18 18 17 22 25 28 34 44 45 36 29 34 40 
39 40 42 40 37 36 37 37 36 28 22 19 19 19 24 36 44 87 123 59 
27 33 80 122 145 169 189 153 126 118 112 104 95 80 72 68 81 91 92 90 
89 101 114 114 101 80 58 50 33 22 22 21 22 23 23 23 24 25 25 24 
23 23 22 22 22 24 26 26 26 33 33 31 33 39 96 177 197 197 132 91 
89 91 91 91 91 99 129 164 185 194 198 201 205 176 172 183 185 181 178 177 
175 176 174 172 154 140 140 145 146 154 164 177 182 179 178 178 177 176 174 165 
143 118 120 134 153 154 117 50 28 28 30 33 53 63 64 64 61 62 62 64 
64 66 61 44 33 33 33 34 0 0 0 0 2 50 26 24 25 27 19 16 
17 17 18 18 23 28 30 37 46 40 30 26 33 40 40 40 40 39 38 37 
39 37 34 30 30 25 19 19 23 35 40 80 124 63 25 35 83 120 142 167 
186 153 127 118 110 104 91 79 71 70 83 91 92 90 90 100 111 111 98 77 
58 50 36 24 25 23 25 23 23 23 25 23 23 24 23 23 23 24 25 26 
26 26 26 33 34 32 34 40 99 180 198 196 128 90 87 88 89 89 91 91 
100 129 166 187 198 201 204 177 176 187 187 185 179 177 176 176 175 173 156 142 
140 144 146 152 163 177 181 179 178 177 176 173 160 143 125 112 119 134 152 154 
120 53 29 30 31 33 53 62 62 64 66 66 63 65 66 65 64 50 34 33 
32 33 0 0 0 0 3 61 33 35 35 30 21 18 16 18 18 17 25 27 
30 34 36 34 31 27 33 40 41 41 41 41 41 39 39 37 37 34 37 32 
22 19 29 43 39 75 124 72 24 36 81 114 132 153 176 159 132 117 110 101 
85 75 70 70 84 92 94 90 91 100 109 110 95 75 58 53 39 29 27 25 
24 24 25 26 26 25 27 24 23 23 23 27 24 27 28 26 26 33 33 32 
34 41 101 181 199 198 125 88 84 85 87 88 89 91 94 103 139 174 194 203 
205 178 178 189 189 186 182 179 178 177 175 172 157 141 141 145 147 153 163 174 
181 179 176 175 168 147 126 127 122 111 119 135 152 153 120 54 31 31 31 33 
52 63 66 67 66 67 66 65 66 66 65 57 38 34 33 33 0 0 0 0 
4 76 45 48 45 26 17 15 15 15 13 15 23 26 27 28 28 29 28 31 
39 43 42 43 42 41 40 40 40 38 32 31 32 25 20 21 40 50 35 64 
120 84 27 34 77 111 128 149 175 164 135 117 108 97 79 69 65 70 84 93 
95 91 91 100 110 111 96 75 58 51 39 31 27 25 24 22 23 27 30 26 
24 23 23 23 24 23 23 23 24 24 26 32 32 32 34 41 101 181 201 198 
125 85 85 85 84 87 89 91 94 94 115 160 186 202 207 179 179 191 192 190 
185 182 178 175 174 171 157 142 141 144 149 155 164 175 179 180 175 163 132 102 
106 123 123 113 120 135 153 156 120 55 32 32 31 35 55 64 63 64 65 65 
66 65 64 64 66 64 44 34 34 35 0 0 0 0 4 77 47 48 42 25 
20 16 15 14 14 16 24 27 27 27 27 27 28 30 38 43 44 43 43 41 
41 41 41 39 32 27 21 20 19 30 54 46 34 53 113 97 32 35 74 108 
125 145 173 167 134 115 106 91 78 68 65 72 89 94 95 90 91 100 111 111 
96 76 58 53 42 30 26 25 25 22 22 24 28 28 24 23 23 23 23 22 
23 23 23 24 25 31 31 32 33 40 98 180 201 199 126 85 84 85 85 86 
89 89 92 93 106 147 180 200 207 182 178 190 193 192 189 186 182 178 174 172 
154 141 142 146 150 155 165 176 180 177 156 119 90 86 107 126 124 115 122 138 
153 156 121 54 32 32 31 36 54 64 64 64 64 63 62 64 65 64 64 64 
52 36 34 36 0 0 0 0 7 123 95 91 76 41 24 17 15 14 15 17 
22 24 23 23 24 26 25 28 40 45 45 44 42 41 41 41 41 39 32 24 
19 21 22 35 45 37 34 46 101 109 44 32 66 102 124 148 166 167 137 116 
107 87 78 70 68 78 90 95 97 90 90 100 110 109 94 76 59 53 40 30 
27 25 24 22 22 24 25 28 27 23 23 23 23 23 24 25 25 24 26 31 
32 32 32 39 95 179 202 201 130 84 84 84 84 85 87 88 91 93 102 138 
175 196 207 187 175 189 195 194 192 190 184 181 176 169 151 142 144 147 151 157 
167 180 180 158 110 86 81 85 109 126 125 116 122 138 156 156 117 52 32 33 
34 37 56 64 65 65 64 65 64 65 65 64 65 65 57 39 36 49 0 0 
0 0 8 143 116 116 110 79 42 24 20 21 18 22 25 24 28 27 26 26 
26 31 43 43 41 40 39 39 39 38 39 39 37 28 21 22 24 26 30 31 
32 40 85 117 60 31 68 100 119 142 156 155 129 112 95 81 70 70 68 73 
89 98 93 84 84 85 86 79 66 65 56 52 37 25 24 25 23 23 23 22 
23 23 27 27 24 23 27 27 26 26 26 25 26 31 32 32 32 38 89 177 
200 203 136 85 83 82 82 84 86 87 89 90 98 130 170 193 207 193 171 183 
195 194 194 190 186 183 174 163 148 145 147 151 154 160 171 185 174 124 84 79 
79 87 112 129 125 117 125 139 156 154 112 48 34 32 32 39 59 66 66 65 
63 64 65 66 64 64 65 67 63 49 45 46 0 0 0 0 8 144 116 116 
115 110 97 76 65 65 67 68 70 71 67 40 29 35 36 40 43 39 40 40 
38 37 39 38 37 39 42 35 30 25 24 25 28 29 34 45 71 111 85 50 
102 130 141 150 161 156 135 118 98 83 73 68 65 73 89 95 88 84 82 77 
70 60 61 66 59 53 34 25 23 24 24 23 21 22 23 23 25 25 24 24 
27 28 29 28 28 27 26 32 31 31 34 37 82 172 199 205 146 87 82 82 
81 82 84 85 88 90 97 123 167 191 206 202 169 173 189 192 194 192 187 182 
173 162 152 148 150 153 158 164 175 181 159 98 79 80 82 91 115 132 127 118 
127 142 158 152 108 46 35 33 33 40 58 65 66 64 65 66 67 65 66 66 
66 65 62 64 56 44 0 0 0 0 8 130 101 100 102 104 104 102 101 103 
103 105 106 107 102 61 29 34 37 38 33 30 29 28 29 29 32 33 34 39 
45 40 29 25 25 28 27 27 23 21 38 88 109 78 105 121 114 120 139 147 
139 128 113 103 94 90 80 76 88 95 87 84 81 76 70 66 69 73 60 55 
35 24 22 24 21 23 20 23 24 23 25 27 24 23 23 24 25 25 24 25 
25 31 32 30 32 35 75 166 198 206 161 93 86 86 83 82 84 84 86 88 
94 119 164 190 205 209 181 165 173 184 189 190 185 174 161 163 159 151 153 156 
160 168 179 182 140 85 79 80 81 96 119 134 127 119 129 145 159 152 101 44 
36 35 33 43 60 64 65 65 65 65 65 63 65 64 66 66 67 61 45 41 
0 0 0 0 7 129 97 95 92 95 93 92 93 93 91 92 91 91 92 74 
39 24 19 19 18 16 15 15 23 18 23 28 28 32 41 49 40 38 37 35 
27 21 19 19 23 52 101 121 104 85 53 85 119 121 107 89 78 75 67 67 
72 76 90 94 90 85 80 77 73 72 77 76 63 58 39 23 22 23 23 22 
23 26 26 24 24 25 24 24 25 25 25 26 25 25 26 30 37 31 31 33 
67 158 197 207 176 106 97 97 97 97 97 94 95 106 113 129 164 190 201 211 
204 171 156 161 166 168 164 154 146 148 152 154 156 160 163 173 182 177 122 83 
80 83 84 100 124 136 126 122 133 148 159 147 92 41 36 36 34 49 70 73 
72 69 66 67 67 65 64 65 64 64 65 62 56 64 0 0 0 0 9 147 
117 117 119 122 123 122 124 124 122 120 122 123 123 117 74 28 20 18 18 17 
16 15 16 15 15 18 28 38 47 50 43 40 35 28 26 22 22 23 21 28 
60 107 122 86 45 70 93 92 83 75 69 67 62 62 68 81 97 100 92 89 
85 79 75 72 78 76 65 61 43 24 22 22 22 23 24 24 28 25 23 26 
23 23 25 25 26 26 26 26 26 29 33 31 31 32 58 146 196 206 188 117 
98 97 99 99 99 96 97 112 124 140 168 189 201 210 207 173 154 152 150 152 
153 152 147 148 153 157 159 163 169 180 185 174 114 81 81 82 86 105 129 136 
125 124 135 152 160 143 84 38 36 35 34 74 116 122 122 121 119 119 118 118 
116 115 114 112 110 108 105 104 0 0 0 0 9 143 109 109 107 109 109 108 
110 111 110 111 113 114 116 115 94 41 22 20 20 19 16 15 15 13 14 15 
20 32 40 42 36 34 29 25 26 23 21 22 21 22 29 62 108 120 68 60 
77 76 69 67 65 63 59 59 63 80 102 103 94 91 88 83 82 79 81 74 
67 64 47 26 23 22 22 23 21 22 26 26 25 24 25 24 24 25 26 26 
27 26 25 32 33 31 32 33 51 132 192 205 198 132 98 103 99 98 97 95 
95 109 122 144 174 193 200 208 212 192 161 155 154 155 156 156 153 155 158 160 
163 168 177 185 185 174 111 82 81 82 89 112 133 136 125 125 138 154 161 138 
73 36 34 35 37 85 125 130 131 131 130 131 130 133 130 130 129 129 128 128 
127 116 0 0 0 0 9 140 109 109 108 108 107 107 108 109 112 114 114 113 
111 106 99 65 29 23 21 18 17 16 15 14 14 15 17 25 36 40 46 49 
37 26 23 22 20 20 19 21 22 27 69 140 124 71 81 77 69 63 60 57 
53 53 57 75 97 100 93 90 88 84 81 78 75 70 69 68 52 27 23 23 
21 22 21 22 25 24 24 24 24 24 26 26 26 27 29 30 27 29 34 32 
31 33 43 116 187 204 206 150 101 99 99 98 92 90 91 96 119 153 181 196 
199 205 211 211 183 165 161 159 158 160 158 160 163 163 168 176 187 188 186 175 
114 82 81 83 94 117 136 135 124 129 141 157 161 129 63 36 35 33 39 91 
127 129 130 130 131 131 130 130 130 129 129 128 128 128 128 120 0 0 0 0 
8 138 110 111 111 111 115 113 110 109 112 115 117 117 118 120 125 113 53 28 
23 20 18 16 14 14 14 14 14 17 26 36 43 50 45 26 19 18 18 17 
18 19 19 20 39 110 108 60 56 54 50 49 45 44 44 48 53 78 97 98 
93 89 87 85 82 77 75 72 70 69 58 31 24 22 21 21 20 22 23 23 
23 25 24 23 26 26 27 27 28 28 27 30 36 32 31 35 41 97 180 201 
209 170 106 99 99 96 89 87 94 108 135 166 187 195 199 202 206 213 210 194 
182 175 172 170 170 173 172 176 182 191 190 185 184 180 125 85 85 87 102 125 
140 133 125 132 146 159 157 118 54 36 34 33 41 87 110 113 113 114 116 115 
115 117 117 119 118 117 118 117 118 118 0 0 0 0 9 155 124 125 125 123 
119 113 112 113 117 117 120 118 118 120 118 117 83 37 22 17 16 15 13 13 
14 14 13 14 18 28 37 42 44 34 20 18 19 19 19 18 17 18 19 31 
44 48 44 42 42 43 42 41 45 48 63 88 97 93 88 85 82 81 77 75 
74 70 69 68 66 46 26 22 21 21 20 22 22 23 23 24 24 23 24 25 
28 28 29 29 28 27 32 32 31 33 38 78 167 198 209 190 117 99 97 96 
92 92 106 121 149 176 190 195 196 198 203 207 212 215 207 199 194 190 189 188 
190 193 198 194 187 185 184 184 141 94 87 91 110 132 140 130 127 137 151 162 
154 103 46 35 35 32 49 92 108 107 106 106 108 107 106 105 105 105 105 105 
105 104 103 105 0 0 0 0 10 148 113 110 109 109 109 110 113 115 117 118 
119 119 121 122 121 121 116 72 29 16 16 16 14 13 14 13 14 14 15 19 
27 36 41 40 30 19 16 18 18 17 17 18 18 22 36 40 40 39 39 40 
41 42 47 52 78 93 90 86 83 81 77 76 76 72 72 71 71 71 74 62 
29 22 21 21 21 22 22 22 22 25 24 24 24 26 27 29 32 31 29 28 
33 33 31 32 36 60 152 195 208 203 135 98 95 93 93 102 113 133 167 185 
192 194 196 198 201 202 205 209 214 215 212 209 207 207 208 206 199 188 185 182 
183 185 158 97 87 95 118 137 140 129 130 142 154 163 149 87 40 33 32 32 
61 107 117 118 118 120 118 117 119 119 118 120 117 116 115 117 117 115 0 0 
0 0 9 151 120 121 121 121 120 118 115 113 113 113 111 114 116 117 119 119 
118 107 63 25 17 16 14 14 14 14 14 14 13 14 16 24 33 39 39 33 
28 27 23 22 22 24 25 32 37 36 37 38 38 42 43 44 54 73 86 88 
84 80 77 77 73 72 69 67 67 66 68 73 80 69 32 23 22 21 24 23 
22 23 22 23 23 24 24 22 25 25 26 27 28 29 31 33 31 33 34 48 
129 189 203 210 160 104 99 101 105 112 125 144 175 189 193 194 194 195 198 198 
200 201 205 209 212 213 213 211 205 199 191 188 184 182 181 185 171 105 89 102 
126 142 137 127 132 146 159 162 136 69 36 34 31 31 71 110 117 117 118 117 
117 117 115 117 116 116 116 116 115 115 116 116 0 0 0 0 8 137 107 107 
107 109 111 112 111 112 111 110 108 107 107 106 107 105 105 107 91 52 22 17 
16 15 15 13 13 13 13 13 13 14 19 29 35 38 41 41 42 41 42 43 
45 46 45 44 45 44 45 52 61 65 75 83 83 78 73 72 69 68 65 64 
61 60 61 61 67 75 83 71 35 23 22 25 22 22 22 23 23 22 24 23 
24 25 25 25 25 28 30 31 31 33 32 31 34 38 101 179 201 210 191 125 
114 110 110 117 130 159 182 192 192 193 194 195 194 195 195 196 198 200 202 201 
201 198 194 191 188 186 183 180 181 185 179 120 96 112 136 143 134 128 138 152 
162 158 120 54 34 31 30 36 80 109 111 113 113 113 116 113 112 113 113 111 
112 111 113 112 112 112 0 0 0 0 7 122 93 92 94 92 94 96 99 99 
99 100 99 99 100 100 100 101 102 101 98 88 54 26 19 16 15 14 13 13 
13 14 13 14 14 16 20 27 35 37 41 42 44 44 44 44 44 41 38 32 
24 24 38 51 56 51 44 40 46 49 49 48 50 51 52 49 50 52 51 53 
67 74 39 24 22 23 22 22 22 23 25 24 24 22 24 25 25 25 26 28 
28 30 31 32 32 33 35 36 76 163 199 208 206 144 111 109 114 121 143 170 
189 193 192 193 191 193 192 190 190 192 193 192 186 185 187 190 189 187 186 184 
182 181 180 184 184 137 102 122 142 142 130 132 144 158 164 152 97 43 32 33 
30 41 89 108 111 110 111 110 112 111 113 110 110 109 109 109 111 109 109 108 
0 0 0 0 7 123 92 92 93 93 93 94 95 96 96 95 97 98 98 98 
98 99 100 98 98 98 87 54 28 18 15 13 12 12 13 13 13 13 13 14 
14 16 18 20 25 28 30 31 32 30 27 24 20 18 16 16 18 20 20 19 
23 50 72 60 45 44 47 49 51 50 51 52 52 59 78 79 41 24 21 22 
21 22 24 25 25 27 24 23 24 24 26 27 26 27 27 29 30 32 33 32 
33 34 56 138 193 204 212 172 118 112 118 129 155 180 193 194 194 188 180 191 
189 188 186 188 172 146 128 134 155 175 182 183 183 182 181 181 182 183 187 156 
118 132 143 139 130 137 150 162 163 140 73 37 32 30 29 51 95 106 106 108 
108 108 109 110 110 109 109 108 108 108 107 108 107 106 0 0 0 0 7 124 
94 92 91 91 91 91 92 92 93 94 93 94 95 93 95 94 94 93 94 94 
93 88 55 26 15 14 13 12 13 12 13 14 13 14 14 14 14 14 14 14 
16 14 16 15 16 17 16 15 15 15 17 16 16 22 59 79 82 80 71 66 
66 68 69 71 72 76 80 83 86 82 48 25 23 21 21 21 22 25 24 25 
23 26 24 25 25 25 25 24 26 28 30 34 33 31 34 34 42 107 180 201 
211 198 138 116 121 136 167 187 194 195 196 190 184 188 188 187 186 167 125 98 
97 106 120 148 169 179 181 180 180 178 176 183 188 172 134 139 142 134 133 142 
157 166 157 120 51 32 29 27 28 65 97 104 105 108 106 106 106 107 107 107 
106 106 107 106 106 107 108 107 0 0 0 0 7 129 103 101 102 101 96 92 
91 89 90 89 91 90 89 88 90 89 89 88 89 91 91 89 82 61 29 15 
13 12 12 12 13 14 13 14 14 16 14 15 14 14 15 15 15 15 16 16 
15 14 15 15 15 15 21 51 67 69 67 67 67 66 65 65 66 68 67 70 
71 73 74 76 63 34 23 20 22 23 22 24 26 23 23 26 23 24 24 23 
25 26 28 28 30 32 33 34 33 34 37 76 160 195 206 210 163 126 125 149 
178 190 194 194 196 199 199 190 187 186 172 126 95 79 92 102 107 127 153 172 
181 182 182 181 177 182 186 183 150 145 138 131 136 151 163 166 149 94 38 30 
28 27 33 76 98 103 103 105 104 104 105 106 105 105 105 104 105 105 106 106 
106 107 0 0 0 0 8 127 98 96 99 99 94 92 88 88 87 85 87 85 
86 85 86 85 85 85 84 84 83 83 81 78 63 38 21 18 14 12 12 12 
13 14 14 17 14 14 16 15 15 16 15 15 15 14 13 13 14 14 16 24 
38 45 47 48 50 50 50 51 53 54 54 57 58 61 62 63 65 65 63 42 
23 22 21 21 21 22 22 23 23 25 25 25 24 24 27 28 30 31 31 32 
34 34 32 34 36 55 129 187 202 211 188 144 137 165 185 191 195 195 194 195 
194 189 187 174 132 98 80 71 89 99 105 113 136 161 178 182 184 187 186 183 
183 187 161 145 135 132 145 158 166 162 133 66 33 29 27 27 45 88 101 101 
103 103 103 102 102 103 106 105 106 102 103 106 106 106 106 108 0 0 0 0 
7 118 87 86 87 85 85 84 83 84 83 84 87 83 82 81 82 81 81 80 
78 79 76 75 72 71 70 65 54 47 27 15 12 12 12 12 12 13 13 14 
14 14 13 14 13 14 14 14 12 14 17 23 31 32 35 37 39 39 42 44 
44 47 50 53 58 58 60 59 60 59 59 60 61 51 27 25 21 21 22 22 
22 24 23 25 26 25 25 25 26 28 30 32 31 31 33 34 32 33 35 42 
93 170 198 208 207 168 159 178 189 192 192 192 194 192 190 188 178 139 98 84 
71 68 82 97 102 107 120 147 169 180 184 183 183 182 183 184 166 141 132 139 
152 165 167 152 106 44 31 28 26 27 62 95 101 101 102 100 101 101 103 102 
104 103 103 103 102 105 106 105 106 108 0 0 0 0 7 114 87 84 82 85 
83 81 79 79 81 79 78 78 78 77 75 74 73 72 68 65 62 61 56 52 
49 44 40 38 30 21 15 11 12 12 11 12 13 13 13 13 13 13 12 13 
13 13 13 18 22 26 29 31 33 36 38 39 43 48 56 61 63 63 64 63 
64 63 61 60 58 59 60 57 36 24 21 22 23 22 24 23 22 25 25 24 
24 26 26 28 30 31 33 31 33 34 33 32 35 38 63 138 190 201 211 194 
175 182 188 189 190 191 190 191 189 183 145 100 85 73 68 68 76 93 99 103 
111 129 155 173 180 181 182 181 182 184 167 139 135 147 161 169 162 134 73 32 
28 26 25 34 77 97 100 100 100 99 100 101 101 101 103 103 103 104 103 103 
105 104 105 106 0 0 0 0 6 108 80 78 78 79 79 76 75 76 74 76 
72 72 70 68 68 65 64 60 57 55 52 48 46 40 37 34 29 27 24 22 
18 14 13 13 13 11 11 11 13 12 13 12 12 13 14 17 18 22 24 26 
29 31 34 36 39 41 44 46 50 51 52 52 54 54 56 56 59 58 60 62 
61 58 47 27 21 23 22 23 22 22 23 23 25 26 26 26 27 29 29 32 
32 31 32 35 35 34 34 36 45 96 172 196 205 210 191 184 186 186 187 189 
190 189 187 152 103 85 76 68 67 67 72 86 96 99 104 115 140 162 176 179 
182 180 180 183 166 140 145 159 169 169 152 107 46 28 26 24 23 45 87 97 
98 98 96 100 100 101 100 100 101 104 103 103 104 104 104 106 107 107 0 0 
0 0 6 105 74 75 75 74 73 73 72 72 70 69 66 66 65 64 63 62 
60 56 51 50 48 44 42 39 36 32 27 25 21 20 17 17 15 14 14 14 
15 16 16 17 19 20 20 21 22 22 24 26 26 26 28 30 34 35 37 38 
41 43 44 45 47 49 50 52 52 53 54 56 56 56 58 56 55 42 25 22 
22 21 23 23 24 23 24 26 26 25 26 27 29 30 31 31 34 35 34 34 
35 36 39 60 138 187 199 209 206 183 181 183 184 187 187 187 160 105 82 75 
69 67 67 70 70 78 91 96 101 106 120 148 169 178 179 180 179 179 163 143 
155 168 172 161 134 72 31 27 26 23 27 59 92 95 95 96 96 98 99 100 
100 101 101 103 103 104 105 103 103 104 110 109 0 0 0 0 6 101 73 71 
71 71 71 72 69 68 67 65 64 66 64 63 61 57 57 54 52 50 49 46 
42 39 36 31 29 27 25 25 23 32 21 21 21 21 22 22 22 22 22 24 
24 24 25 27 26 27 28 28 28 30 32 34 37 37 39 42 43 44 45 47 
48 48 51 52 54 54 56 57 57 57 59 55 36 23 22 22 23 22 23 23 
24 27 27 25 26 27 27 29 32 32 31 32 35 35 34 36 39 44 89 164 
193 201 211 197 180 181 181 183 184 163 107 81 73 70 69 68 70 71 73 78 
88 93 95 99 106 127 157 174 178 178 176 172 156 153 166 172 168 151 101 45 
29 26 24 23 37 73 93 93 93 94 96 94 98 97 99 99 101 101 103 102 
104 101 104 104 107 107 0 0 0 0 6 99 69 67 68 69 67 68 67 65 
65 63 64 64 62 59 59 58 57 58 52 52 48 48 45 44 41 38 34 33 
31 29 28 26 25 25 26 25 25 25 25 25 25 25 25 27 28 28 28 29 
28 29 29 30 30 34 35 35 38 41 42 43 46 45 46 47 50 53 55 55 
57 58 59 62 62 62 50 28 22 23 24 21 22 22 24 24 26 26 25 27 
27 29 30 31 31 32 34 35 34 36 38 38 53 121 178 196 205 210 190 179 
181 180 161 111 81 74 71 70 75 73 74 76 75 77 82 87 91 93 97 110 
143 166 174 174 169 157 156 167 176 172 160 125 64 32 27 25 24 24 51 81 
90 91 90 91 95 92 95 95 96 97 99 99 101 100 102 103 104 104 106 108 
0 0 0 0 5 96 69 69 66 64 64 64 64 61 62 60 60 61 62 60 
58 56 55 53 53 51 47 46 44 42 39 39 36 34 32 33 30 28 29 28 
27 28 28 28 28 29 29 30 30 31 29 31 29 31 31 31 32 31 34 34 
35 37 38 38 41 41 43 45 48 48 49 50 51 54 55 56 57 61 59 59 
55 30 23 22 22 22 22 23 23 23 25 25 25 25 26 25 27 28 29 32 
32 35 36 34 34 36 39 70 146 186 197 209 211 187 177 165 117 81 76 72 
75 75 75 76 75 73 71 72 75 78 80 85 98 114 135 157 168 166 155 154 
169 179 175 165 143 86 39 28 25 24 23 34 66 83 87 87 87 86 88 92 
89 92 93 94 96 99 98 100 102 104 102 102 103 106 0 0 0 0 6 108 
78 76 70 68 62 60 61 59 59 59 57 57 57 55 54 51 52 50 48 46 
45 41 40 38 35 35 34 34 35 35 35 36 34 34 34 33 35 34 35 35 
39 36 35 34 33 33 33 32 33 33 33 33 34 35 37 37 38 37 38 40 
43 46 45 47 48 50 51 51 52 55 54 57 58 60 57 37 23 22 23 22 
22 23 23 24 24 24 25 26 25 26 26 28 28 30 33 34 35 34 34 36 
37 40 93 162 189 199 212 208 188 178 153 104 80 75 77 76 72 72 71 71 
71 73 74 78 87 104 121 130 134 145 156 155 156 169 180 179 168 151 105 49 
30 27 25 24 24 51 74 83 82 84 84 82 83 86 88 88 90 90 93 94 
95 97 99 100 101 101 102 104 0 0 0 0 6 97 66 64 59 56 55 54 
55 55 53 53 52 52 52 53 49 47 47 46 43 42 39 39 36 35 34 34 
37 39 44 47 50 49 48 45 44 44 46 45 47 45 43 41 37 36 35 38 
36 35 35 36 36 37 38 38 38 37 37 37 37 42 42 43 44 46 47 48 
50 49 51 53 53 54 55 57 57 50 29 22 22 22 22 24 25 24 25 25 
25 25 26 26 28 28 28 29 31 33 34 34 33 36 35 37 49 112 170 193 
200 209 209 196 189 173 141 107 84 75 71 70 71 72 75 80 90 106 124 136 
139 135 129 134 147 159 174 183 182 170 157 121 61 34 30 25 25 23 37 66 
78 82 81 81 81 81 80 82 86 86 88 89 90 91 93 94 96 97 100 100 
101 102 0 0 0 0 4 79 51 51 51 50 51 50 49 48 48 48 47 47 
46 47 45 44 44 42 39 37 38 38 39 40 42 45 46 45 45 45 43 41 
41 39 40 40 40 40 39 37 38 37 37 37 38 36 38 38 38 38 39 41 
41 42 41 39 39 38 40 41 42 43 42 45 46 47 50 51 52 52 52 52 
52 55 56 56 40 24 23 24 23 23 24 25 24 25 25 25 26 25 25 24 
24 27 31 33 33 35 33 34 35 35 35 59 129 177 191 200 209 214 202 192 
190 179 158 136 114 103 97 102 112 122 137 144 148 147 141 134 132 145 165 179 
188 185 173 159 129 73 36 29 27 26 23 26 54 74 78 78 78 78 80 80 
79 78 82 85 85 86 86 87 87 91 94 96 97 100 100 101 0 0 0 0 
4 77 50 49 49 47 48 47 45 45 47 47 44 45 44 44 43 42 40 39 
38 36 37 37 36 38 37 38 36 34 32 31 31 32 32 33 34 34 36 37 
36 37 37 37 38 37 39 38 39 38 39 39 38 38 40 40 39 37 40 38 
41 40 41 42 42 44 46 47 50 51 52 52 51 53 56 58 59 60 58 39 
25 23 23 24 25 25 25 25 24 25 26 24 25 26 27 29 32 33 33 36 
35 34 34 34 35 37 66 131 177 189 197 206 212 207 195 190 187 183 177 170 
163 159 157 157 156 154 150 146 142 146 158 175 188 191 185 174 163 134 82 41 
30 29 27 25 25 40 69 78 78 77 79 79 78 78 78 77 80 82 83 84 
87 87 88 89 91 92 95 97 99 99 0 0 0 0 4 71 48 47 46 46 
45 45 45 45 45 45 43 43 42 43 41 40 39 38 37 35 35 35 34 32 
32 30 33 31 30 30 30 30 32 33 34 35 35 37 38 41 38 38 38 38 
40 38 39 38 40 38 38 38 39 38 38 39 41 39 40 39 40 40 42 46 
46 47 48 50 50 53 57 59 61 62 62 64 64 55 33 24 23 24 24 24 
27 27 28 27 25 25 25 26 30 31 32 32 32 35 34 35 33 32 32 35 
39 69 133 174 188 193 202 210 212 202 192 185 182 179 175 169 163 158 155 153 
152 157 165 176 189 196 195 184 175 162 136 85 45 33 29 28 26 24 29 60 
73 77 77 74 78 78 76 78 78 76 78 81 82 83 85 86 87 88 92 91 
97 96 99 100 0 0 0 0 3 66 45 44 44 44 44 43 44 44 43 42 
41 41 41 41 40 37 37 37 36 35 34 33 33 32 31 31 30 30 31 31 
31 32 34 36 34 36 37 37 39 41 43 39 40 40 40 40 41 42 41 40 
40 40 42 40 39 39 40 38 39 40 40 40 40 44 44 45 46 48 50 51 
52 54 55 53 54 59 60 57 46 27 24 24 24 25 27 26 26 26 26 25 
25 26 27 29 30 32 32 33 32 33 33 32 33 35 34 36 65 130 170 186 
192 196 206 213 213 205 196 185 179 175 172 168 167 175 182 190 198 204 202 192 
181 173 161 134 84 45 32 30 29 27 26 27 45 70 79 76 77 77 77 78 
78 78 79 80 81 84 86 85 87 90 91 92 94 97 98 99 101 103 0 0 
0 0 3 66 43 43 43 41 42 43 44 42 43 41 43 42 41 41 40 38 
38 37 35 35 32 32 33 32 31 31 31 32 33 32 32 32 35 36 36 37 
38 39 40 42 43 41 42 42 43 42 43 43 41 42 41 41 41 42 41 41 
40 39 40 39 40 41 40 42 44 44 45 48 50 50 50 50 51 51 52 52 
52 53 54 47 39 29 25 25 26 26 27 26 28 26 27 26 27 28 30 31 
32 32 32 33 36 33 32 34 35 34 37 61 116 160 181 190 194 198 205 210 
214 213 211 208 207 206 206 208 209 207 203 194 185 181 173 157 124 77 45 35 
31 31 29 27 26 39 65 81 84 82 80 80 79 80 82 82 84 89 84 85 
88 92 91 95 97 97 98 101 102 104 106 108 0 0 0 0 3 66 44 42 
42 42 42 41 41 41 41 41 42 41 39 40 39 39 39 36 36 37 34 33 
33 33 33 32 32 33 33 34 35 36 36 36 38 40 44 41 41 42 44 43 
44 43 44 44 44 44 44 43 43 42 41 42 42 41 42 40 39 40 39 40 
41 45 45 45 46 48 49 48 48 49 49 53 53 54 54 54 56 57 56 40 
27 29 25 26 29 24 25 26 24 25 26 28 28 30 31 31 31 32 34 33 
33 32 35 33 39 38 54 97 145 171 183 189 192 195 199 203 205 208 209 208 
206 203 199 193 187 182 177 167 145 109 69 41 35 32 30 29 27 28 35 62 
84 90 90 89 87 87 85 86 88 88 89 91 90 90 93 97 98 101 104 104 
107 108 108 110 111 115 0 0 0 0 3 63 42 40 41 41 40 41 40 41 
42 41 42 42 40 40 38 38 38 36 36 36 33 35 35 33 34 34 34 34 
37 38 36 37 40 40 40 42 41 43 44 44 44 44 45 45 44 45 44 46 
45 44 43 44 43 43 42 42 41 42 40 42 43 44 42 44 45 46 47 49 
51 52 51 53 53 54 54 55 57 56 58 60 60 50 28 26 27 24 23 23 
24 26 27 24 24 25 26 30 29 30 31 31 31 34 34 33 33 33 33 35 
36 42 73 122 156 172 183 186 188 188 190 190 190 188 188 187 184 182 178 169 
153 126 88 55 38 34 32 31 30 29 29 34 61 88 95 97 95 95 93 92 
91 92 95 95 96 97 98 97 100 103 104 105 109 110 113 115 115 116 118 120 
0 0 0 0 3 64 42 41 42 41 40 41 42 41 40 41 42 42 41 39 
40 39 37 36 36 36 36 36 36 36 35 36 36 36 40 38 38 39 41 41 
41 43 44 46 44 43 44 44 45 46 45 46 47 45 46 47 45 44 43 44 
42 42 43 42 43 44 43 44 43 45 47 46 48 50 50 51 53 53 55 56 
54 55 56 57 58 60 61 58 42 27 24 25 23 22 23 23 24 24 24 25 
26 27 27 27 27 29 32 33 34 33 32 33 33 35 35 36 39 51 83 119 
147 164 174 177 181 183 184 181 180 176 170 161 146 123 93 64 45 37 34 34 
33 30 29 29 37 64 89 99 99 99 99 97 96 97 99 97 100 101 101 102 
104 104 106 107 111 112 114 116 117 119 123 122 125 125 0 0 0 0 3 65 
42 41 41 42 41 41 42 41 40 42 40 41 42 40 40 40 39 40 40 41 
40 41 39 40 38 40 39 39 40 40 41 39 40 42 44 43 43 46 44 45 
46 46 45 45 46 48 45 46 46 47 47 44 42 45 45 44 44 42 44 45 
42 43 43 45 47 48 50 51 54 56 58 61 61 62 60 58 58 58 59 61 
62 63 61 45 29 26 25 22 22 23 22 23 22 24 24 25 25 26 26 28 
30 31 32 33 32 32 34 33 34 35 34 37 40 51 74 100 121 135 145 150 
150 150 142 136 121 102 83 62 45 39 36 33 33 32 31 31 29 37 67 94 
103 104 104 103 104 101 102 103 103 101 105 106 105 106 109 108 111 111 117 119 
118 122 123 126 127 129 129 131 0 0 0 0 3 64 41 41 41 42 40 40 
42 40 42 41 42 42 43 43 46 47 46 48 47 47 45 45 43 40 37 38 
37 36 39 39 40 39 43 42 43 43 45 45 44 46 44 44 44 45 46 46 
48 47 46 45 44 46 45 44 46 45 44 43 43 44 44 46 45 48 48 48 
52 53 57 61 66 71 71 68 64 62 62 62 68 67 66 68 69 67 51 33 
26 24 25 25 23 22 22 22 23 24 24 27 25 26 29 32 33 33 34 33 
32 33 34 35 34 34 35 36 37 40 48 56 67 76 79 75 69 62 53 46 
41 37 36 34 33 33 32 32 32 32 36 63 95 104 108 106 108 108 107 106 
105 108 108 108 110 111 110 113 115 112 115 117 121 124 123 127 128 129 132 134 
134 136 0 0 0 0 3 63 42 41 42 43 41 40 42 42 42 41 42 41 
42 42 43 44 45 46 45 45 43 40 39 37 37 36 37 37 39 37 39 39 
42 41 44 44 43 45 44 46 45 46 47 45 46 47 46 46 45 45 44 44 
45 44 46 46 45 44 44 44 45 45 48 48 49 50 51 53 54 55 61 63 
65 66 66 65 65 66 67 67 68 70 69 69 67 61 39 29 24 23 23 23 
23 23 24 23 23 23 24 27 29 31 33 32 32 33 33 33 33 33 33 35 
34 35 35 35 37 38 37 40 41 40 40 39 39 37 36 35 37 34 33 33 
33 32 32 36 58 89 106 106 109 109 111 109 110 111 111 111 112 110 113 115 
115 117 119 118 119 120 123 128 127 131 133 133 133 137 139 140 0 0 0 0 
3 64 42 43 42 41 42 42 42 42 43 43 42 42 41 40 39 40 39 44 
42 40 39 38 37 37 37 37 39 39 39 39 41 42 42 42 44 44 45 46 
45 46 47 47 47 47 46 46 47 46 45 46 46 48 46 46 44 44 44 46 
45 46 47 47 48 50 50 51 52 53 54 53 55 56 57 61 67 67 69 68 
69 70 69 67 67 67 68 67 61 48 33 25 24 24 24 23 25 22 23 25 
25 26 28 30 30 31 31 32 34 33 33 32 33 33 34 33 34 34 35 35 
37 37 36 36 36 36 36 36 35 33 36 34 34 33 33 33 40 60 88 106 
108 110 112 112 114 113 115 116 114 114 117 115 117 121 120 121 123 123 123 125 
127 133 132 135 138 137 140 142 143 142 0 0 0 0 3 65 44 45 44 43 
43 45 44 43 44 42 42 43 43 42 42 42 40 41 41 39 39 38 41 40 
40 40 39 39 40 42 42 42 43 44 44 46 46 47 46 47 47 48 48 52 
46 46 48 49 47 46 46 47 45 45 49 46 46 48 47 46 46 46 50 48 
50 49 51 52 54 54 53 56 56 58 58 60 59 59 61 60 60 59 59 59 
57 57 58 57 54 48 30 24 23 23 23 25 23 24 25 25 27 28 31 31 
32 32 34 34 34 33 35 33 34 34 33 34 34 35 35 35 35 35 35 34 
35 35 34 34 33 33 32 33 35 42 65 90 105 114 112 114 115 117 118 119 
120 123 121 119 122 120 122 126 126 126 127 128 128 130 134 137 137 138 142 142 
145 145 149 147 0 0 0 0 3 68 47 44 46 45 46 46 46 45 46 44 
45 45 44 44 42 44 43 42 41 41 41 42 42 41 42 42 41 42 43 43 
45 44 45 47 48 49 49 50 51 50 49 50 49 50 49 49 51 49 49 48 
48 47 48 49 49 49 49 47 49 48 47 47 49 50 49 52 52 52 54 54 
55 56 58 59 57 56 57 56 58 57 55 56 57 56 56 56 56 54 54 54 
47 34 27 25 22 23 23 23 23 23 25 26 27 29 29 30 31 32 33 33 
34 37 33 34 32 34 34 34 37 37 35 35 34 35 34 35 34 34 34 35 
36 41 51 76 97 108 111 116 118 119 121 122 124 125 126 128 127 125 127 127 
127 131 130 131 133 134 136 137 140 143 142 143 147 147 150 149 152 152 0 0 
0 0 3 73 49 50 49 48 50 50 48 49 50 52 56 56 56 58 52 50 
49 48 47 46 45 45 44 43 44 46 45 45 46 47 47 48 50 52 51 53 
51 51 52 52 51 54 53 51 52 50 52 50 51 51 52 51 51 52 50 51 
50 50 47 48 50 48 50 50 51 53 53 54 57 57 58 59 58 59 57 57 
58 59 57 57 57 58 58 56 57 57 56 58 55 54 54 52 42 28 19 21 
22 22 22 22 23 24 24 25 25 26 26 28 31 33 33 34 34 34 35 35 
33 33 34 36 34 34 33 34 34 35 36 34 36 39 54 74 89 105 113 115 
115 121 124 125 128 129 131 131 132 135 136 132 135 132 132 137 138 138 139 138 
140 143 146 146 148 146 150 152 153 153 155 156 0 0 0 0 4 94 64 68 
63 65 62 61 61 62 63 66 75 74 75 73 68 62 61 56 53 51 47 47 
47 47 46 48 48 49 48 50 50 52 53 53 53 53 52 53 55 55 53 53 
55 54 53 52 52 55 55 55 55 54 54 53 53 53 52 51 50 51 53 53 
51 52 53 53 55 57 59 61 61 61 60 58 58 59 59 59 59 61 59 60 
59 58 57 59 58 58 58 55 54 52 50 44 33 21 21 21 21 21 21 22 
22 22 24 24 26 26 29 33 37 34 38 33 34 34 34 34 35 35 37 36 
34 35 35 35 37 37 41 59 86 105 109 115 119 119 121 128 130 129 133 135 
136 139 143 141 142 139 142 140 140 147 147 144 146 145 145 147 147 150 152 152 
156 156 155 156 156 159 0 0 0 0 6 109 80 79 77 78 78 78 78 79 
78 79 80 81 82 82 81 77 76 72 69 63 60 58 56 55 56 51 50 51 
54 53 55 56 56 56 57 57 57 58 59 58 58 58 57 57 57 57 56 57 
58 58 58 56 56 56 57 56 55 56 56 56 56 56 55 57 57 58 60 62 
63 63 62 62 61 62 62 62 60 64 61 61 61 61 58 58 58 58 59 58 
56 55 52 51 47 44 40 31 27 25 21 20 19 21 20 20 21 23 23 24 
29 31 31 33 33 33 34 34 35 35 35 36 37 35 36 37 38 37 41 42 
51 77 102 111 117 121 125 130 131 136 139 139 142 143 145 148 149 151 150 147 
148 146 146 150 152 151 152 151 151 152 152 154 158 158 160 161 162 161 159 163 
0 0 0 0 6 113 87 84 85 84 84 86 86 87 86 84 84 85 84 86 
86 85 85 81 79 79 77 74 69 65 63 59 57 57 58 59 58 58 59 61 
62 60 60 61 61 60 60 61 62 61 62 62 61 60 61 61 60 60 61 59 
59 60 61 60 59 60 59 61 61 64 63 64 65 67 65 64 63 64 68 65 
65 65 65 65 65 64 62 61 62 61 60 60 58 58 53 52 50 45 42 40 
38 35 32 29 25 22 20 20 21 20 21 23 23 24 26 27 29 31 30 31 
28 30 32 34 36 35 36 37 33 30 32 35 40 45 54 71 100 118 126 131 
135 139 140 145 148 149 152 154 155 159 156 161 157 154 153 154 152 155 157 156 
157 156 156 157 158 157 162 162 162 164 165 164 165 165 0 0 0 0 7 120 
86 87 88 88 89 88 89 89 88 85 86 88 90 91 88 89 88 87 89 90 
91 89 87 82 80 77 75 72 70 68 66 64 65 65 65 64 64 65 65 65 
65 67 67 67 65 65 65 64 64 64 64 63 64 64 64 64 63 64 62 63 
67 66 65 68 68 68 71 69 68 67 69 68 70 69 70 70 69 68 66 64 
64 63 62 61 59 56 54 53 50 49 46 44 43 40 39 35 33 29 26 23 
21 20 20 20 22 22 22 21 22 23 24 26 25 22 24 25 28 31 35 34 
33 31 27 26 30 39 46 53 64 89 114 131 138 143 149 152 153 158 159 159 
161 164 163 164 163 165 163 159 156 160 158 158 162 161 162 160 161 161 162 162 
164 167 164 169 168 167 168 168 0 0 0 0 7 119 90 89 90 92 91 89 
89 90 89 90 92 92 93 91 91 91 92 91 94 94 95 95 94 93 93 92 
91 90 87 87 84 81 79 75 73 72 71 72 70 71 70 71 70 70 68 70 
70 69 69 70 68 68 69 69 70 69 68 70 70 70 71 73 77 72 72 73 
74 73 73 74 73 74 73 74 75 73 72 68 65 65 63 63 62 59 58 57 
55 54 51 50 48 47 45 44 40 36 35 31 27 23 22 22 22 20 19 20 
19 19 20 19 21 21 20 20 23 23 25 26 27 27 28 28 31 34 42 56 
71 92 110 128 140 148 153 158 161 162 162 165 168 167 169 168 167 169 169 170 
168 165 161 164 165 162 165 165 164 165 165 164 166 167 167 169 166 168 171 170 
171 172 0 0 0 0 7 123 94 93 92 91 91 91 95 93 94 94 109 93 
93 92 94 96 97 95 98 96 98 96 96 99 99 101 101 101 102 99 98 97 
94 96 92 92 87 87 84 82 79 78 76 74 74 75 74 73 73 73 73 71 
71 73 75 77 77 76 77 78 78 78 78 77 78 75 75 78 78 77 76 77 
77 76 73 72 71 69 69 69 68 66 63 64 61 61 59 58 56 55 51 50 
48 45 42 39 36 34 31 29 27 27 26 26 23 23 23 22 21 21 23 21 
22 22 24 25 26 27 31 34 38 46 56 68 88 109 127 139 149 154 158 162 
167 167 169 170 169 172 172 170 173 173 171 174 173 173 171 169 166 166 168 166 
169 172 169 168 167 168 168 170 169 170 171 168 172 172 173 173 0 0 0 0 
7 126 96 95 95 94 94 94 95 97 97 97 98 95 97 96 99 100 101 99 
102 101 100 101 101 103 104 106 106 106 106 104 105 106 107 109 108 107 105 105 
104 101 97 94 94 92 92 89 86 84 83 80 80 80 81 83 82 82 82 81 
83 83 83 83 82 81 81 82 81 81 80 79 80 81 80 78 75 74 74 74 
74 72 71 72 71 67 66 66 64 63 62 59 56 54 51 47 45 43 40 39 
37 36 33 33 31 30 29 30 29 29 29 28 29 31 32 34 37 40 45 51 
62 74 90 106 121 131 146 154 162 163 166 167 166 168 172 173 174 174 174 175 
175 174 176 177 173 176 174 176 174 173 172 170 171 171 171 174 172 170 172 171 
172 172 172 172 175 172 172 174 174 174 0 0 0 0 7 125 97 97 97 97 
97 98 99 97 96 97 100 101 100 102 101 103 103 104 104 106 108 107 107 108 
109 111 109 109 110 109 111 113 113 114 114 115 114 113 112 114 111 110 109 110 
108 105 106 105 105 104 101 100 100 99 97 95 95 94 91 94 88 88 86 85 
86 87 86 86 86 87 86 86 84 81 80 80 80 80 79 78 78 75 74 73 
73 72 71 69 66 66 63 61 58 54 52 50 48 48 47 45 44 43 42 42 
42 42 44 45 47 49 55 56 64 71 80 88 99 111 127 139 146 152 159 160 
164 170 172 173 173 174 172 174 176 177 179 178 177 181 180 179 180 180 176 179 
178 178 177 176 175 174 175 173 172 176 176 174 175 174 176 175 175 174 175 175 
173 175 178 177 0 0 0 0 7 130 101 100 99 101 103 99 97 96 99 104 
105 104 104 104 102 105 105 107 110 111 112 112 112 112 112 111 112 113 116 115 
117 117 118 117 118 117 117 119 118 121 115 115 113 115 116 116 121 123 120 120 
118 119 120 119 118 116 113 113 110 110 106 105 105 107 103 101 101 101 101 102 
98 97 93 91 92 91 91 91 93 90 88 87 85 84 83 82 82 80 78 77 
76 74 72 72 71 68 69 69 69 69 69 69 70 69 71 72 73 76 80 86 
94 105 121 132 142 146 152 156 163 169 169 171 173 171 176 178 180 179 178 179 
176 180 182 183 182 181 181 184 181 181 182 183 179 183 182 181 179 177 178 176 
179 176 173 176 179 179 180 176 177 180 179 177 176 180 176 176 183 181 0 0 
0 0 8 133 104 103 103 103 102 101 102 104 105 105 106 107 107 106 109 109 
112 112 115 114 114 115 115 112 114 117 117 118 118 118 123 119 120 118 120 120 
121 121 119 119 118 121 122 124 125 125 125 125 125 127 125 125 126 125 124 121 
120 120 118 118 118 120 119 118 117 117 118 120 118 118 116 113 111 112 114 113 
111 113 111 110 108 107 106 106 106 104 103 103 101 100 98 97 96 97 95 94 
93 92 92 93 93 92 95 98 102 110 119 126 131 138 146 154 164 167 171 170 
173 172 177 179 178 179 181 180 182 184 185 184 183 185 184 185 186 186 186 185 
183 187 185 183 185 185 181 186 184 183 183 180 179 178 178 178 175 178 180 179 
181 180 178 182 181 179 178 180 179 179 182 183 0 0 0 0 8 138 109 108 
106 107 107 108 109 108 108 109 110 109 109 111 113 116 117 117 117 113 112 115 
117 119 120 121 121 121 121 122 123 120 122 123 122 123 123 124 123 125 126 129 
129 129 130 131 131 130 130 129 128 128 128 127 127 124 125 124 122 124 125 124 
123 123 124 125 126 125 126 123 121 120 121 122 122 121 122 124 120 119 117 117 
118 117 116 116 116 114 113 113 110 108 110 109 109 109 110 114 118 121 129 134 
140 147 150 156 159 161 162 165 165 172 177 179 180 178 178 179 183 184 183 184 
185 184 188 190 189 189 188 189 188 188 190 190 190 189 187 189 189 188 188 189 
186 189 188 187 187 184 182 180 181 181 179 181 182 181 182 182 180 184 183 183 
180 181 184 182 182 185 0 0 0 0 8 140 107 108 108 110 111 112 113 113 
111 114 113 113 113 117 119 120 120 120 118 113 116 119 121 122 122 123 124 126 
125 125 123 123 125 124 123 123 127 127 129 130 133 133 133 133 134 138 134 132 
133 132 130 130 129 128 127 126 125 126 127 129 129 126 128 129 129 128 127 128 
127 124 125 126 129 130 129 128 127 123 125 126 124 124 125 124 124 124 123 122 
123 124 124 125 127 132 138 143 147 156 159 162 166 170 169 170 171 172 173 174 
174 174 173 180 183 185 185 182 182 183 186 187 184 189 188 189 192 193 193 192 
191 191 191 191 192 193 192 190 191 192 193 192 190 192 190 192 191 189 189 186 
185 183 184 184 181 184 185 183 184 185 183 187 186 186 183 184 185 184 183 187 
0 0 0 0 8 142 113 111 113 113 114 114 116 114 115 115 116 118 120 120 
121 121 119 119 120 121 123 124 124 124 126 126 126 127 127 127 127 125 127 127 
129 130 132 132 133 132 134 135 137 136 135 136 134 133 132 133 131 131 131 130 
126 129 129 132 131 130 131 131 132 131 132 130 130 129 128 130 130 135 134 132 
131 131 130 130 132 129 130 132 133 136 137 138 142 146 150 154 160 162 166 172 
173 173 175 178 177 178 179 181 179 180 181 178 181 179 181 179 180 186 185 188 
188 188 186 187 189 190 190 192 192 192 195 197 195 194 195 192 192 193 195 195 
195 193 194 194 195 193 191 193 192 195 193 191 192 191 187 185 185 185 182 183 
186 186 184 186 184 191 188 187 184 184 187 186 183 187 0 0 0 0 9 144 
115 113 115 114 116 116 115 116 118 118 120 122 123 121 120 119 120 123 124 125 
125 126 127 128 128 127 128 127 127 127 130 127 128 131 132 134 134 136 135 136 
137 137 136 137 136 136 136 135 134 134 133 131 131 132 132 135 135 136 133 133 
134 135 136 134 133 134 132 132 134 137 136 138 139 138 139 140 143 143 146 150 
152 158 161 165 168 171 176 178 178 179 180 181 183 185 183 181 184 185 183 184 
186 185 186 185 185 183 183 181 185 181 186 190 190 191 192 191 190 190 191 193 
193 196 194 196 199 200 197 197 198 195 193 195 198 197 197 195 195 196 196 193 
195 196 195 196 197 193 193 195 189 187 186 188 185 183 188 188 186 186 186 188 
189 188 184 184 187 186 185 188 0 0 0 0 9 147 117 118 119 119 118 118 
118 121 120 122 125 125 124 124 123 122 126 130 128 128 129 127 129 129 130 130 
129 127 128 129 129 133 133 136 135 137 140 139 138 139 140 139 139 138 142 138 
138 136 134 134 134 134 137 137 137 138 136 137 138 138 140 139 139 138 136 138 
140 143 146 148 150 153 156 162 165 166 170 174 178 182 182 182 185 186 187 187 
189 190 187 189 188 189 189 188 188 187 188 189 189 190 190 189 190 189 188 187 
185 186 189 185 191 194 192 195 195 194 194 195 196 197 196 198 196 199 202 202 
200 200 200 198 196 199 202 201 199 198 197 199 198 196 196 197 196 196 197 195 
195 194 193 190 189 188 187 186 188 191 188 187 190 189 190 189 186 185 190 190 
188 190 0 0 0 0 9 150 120 120 119 120 120 122 124 127 126 125 125 124 
125 126 127 126 128 129 129 130 130 130 130 131 131 129 130 130 132 133 134 136 
138 139 138 138 139 139 138 141 140 140 140 140 140 137 136 135 137 138 138 140 
140 141 142 143 143 145 145 148 150 150 152 153 157 165 168 172 176 177 181 182 
185 187 189 189 189 191 192 192 192 191 192 193 191 193 194 194 193 193 194 194 
194 194 193 192 193 193 194 195 193 194 193 192 189 190 191 190 191 189 197 197 
198 198 197 197 199 199 200 200 200 199 197 201 204 204 202 200 203 200 200 201 
203 203 200 201 198 201 200 198 199 199 199 197 198 197 196 195 192 190 189 194 
187 186 188 190 189 189 191 191 192 191 188 187 191 191 188 191 0 0 0 0 
9 155 125 123 122 123 126 128 128 129 128 128 128 127 128 130 130 130 130 129 
130 130 130 130 131 132 131 132 133 134 136 137 139 140 141 141 140 139 139 139 
139 141 142 141 141 142 143 144 143 145 149 150 152 154 154 157 161 162 166 170 
170 173 175 177 178 181 184 186 189 191 192 191 194 194 195 195 195 194 194 198 
197 196 196 197 197 196 196 197 197 196 197 197 196 197 198 197 197 196 198 198 
198 198 197 196 197 194 193 193 194 194 194 194 201 202 203 202 201 201 201 201 
202 202 203 201 201 205 208 206 203 202 206 203 205 204 207 205 203 202 201 202 
203 203 200 201 200 198 201 200 198 196 194 193 191 189 189 186 189 191 191 192 
194 194 195 193 191 190 193 192 191 194 0 0 0 0 9 164 134 130 131 133 
134 131 130 129 130 131 130 131 131 133 131 132 132 131 132 133 132 131 133 135 
136 138 137 140 143 144 145 146 147 146 145 145 148 148 150 151 152 154 157 160 
163 166 166 169 170 174 175 178 181 184 187 187 190 192 191 190 189 190 192 196 
196 196 198 197 196 196 198 198 198 199 199 198 198 200 199 198 197 198 200 198 
200 202 200 199 200 199 199 200 201 199 200 200 200 202 203 202 199 199 199 197 
198 197 197 197 196 200 205 207 207 206 204 203 203 205 205 203 205 205 204 209 
211 207 206 207 209 204 208 207 207 207 206 205 203 204 206 204 202 202 201 200 
201 202 199 197 195 194 191 190 191 191 190 192 194 195 194 194 195 195 194 191 
193 196 195 194 0 0 0 0 10 173 146 146 147 146 144 142 141 142 142 142 
142 142 142 142 141 141 142 142 141 142 145 146 150 150 152 154 155 157 158 160 
161 162 163 164 164 166 166 167 169 172 175 179 181 183 185 185 187 187 190 191 
191 192 195 196 196 196 196 197 195 194 192 194 195 200 200 201 202 200 200 202 
201 201 201 201 201 201 202 200 200 200 199 200 200 202 201 202 201 201 201 202 
200 201 201 202 202 201 204 205 205 203 200 200 201 200 198 199 200 199 198 202 
208 208 209 206 205 205 205 205 207 206 207 208 206 210 212 211 207 210 212 208 
209 208 209 208 207 204 204 203 206 206 202 203 203 199 202 202 200 199 195 193 
193 191 192 191 193 193 196 195 194 196 195 196 194 193 196 196 195 195 0 0 
0 0 11 182 157 157 158 155 156 155 158 159 158 158 159 158 157 158 160 159 
158 157 159 163 166 166 167 169 172 173 175 176 176 176 177 177 179 180 179 182 
182 183 186 189 191 193 192 192 193 192 193 192 194 196 197 198 200 198 197 198 
198 197 196 194 196 200 200 202 203 202 203 203 203 203 204 203 205 203 204 204 
205 204 202 202 202 202 203 205 205 204 203 204 204 203 202 204 203 203 206 204 
204 207 204 205 202 202 203 201 201 201 201 201 202 207 210 209 210 208 206 208 
208 209 210 210 209 210 209 211 213 214 211 211 212 210 209 209 209 210 209 207 
205 204 208 208 204 203 204 202 203 204 201 201 195 193 192 193 193 193 194 195 
196 196 196 196 196 197 196 194 196 198 195 193 0 0 0 0 11 191 165 165 
166 169 170 170 172 171 171 172 171 171 171 172 173 171 174 176 179 180 180 182 
185 186 188 187 186 187 184 184 186 186 185 184 186 187 191 192 194 196 196 197 
194 195 195 196 197 196 197 198 202 201 199 199 199 198 197 195 197 198 201 202 
202 204 205 205 204 205 204 204 206 205 206 205 206 205 204 204 203 203 202 203 
205 207 208 208 207 206 208 208 205 205 205 207 208 206 206 207 206 206 205 205 
205 203 203 202 202 201 206 211 210 212 212 209 208 211 211 209 212 213 213 211 
214 215 216 215 214 214 213 209 213 212 212 214 213 210 208 206 210 211 207 206 
207 204 204 205 203 203 198 193 193 193 193 195 195 195 196 198 199 198 198 199 
198 195 196 197 197 195 0 0 0 0 11 190 166 170 173 176 176 178 178 178 
177 178 178 178 178 178 179 183 184 186 187 187 188 188 191 192 191 190 189 189 
189 188 187 185 186 188 190 192 194 196 196 196 196 197 195 197 196 197 198 198 
199 200 202 200 198 200 199 196 195 197 199 200 203 202 203 203 204 205 203 204 
205 206 208 206 206 206 205 205 205 206 203 201 203 206 206 208 208 208 207 208 
209 206 206 205 207 208 208 206 205 207 206 207 206 205 203 204 204 203 203 203 
208 211 211 214 212 209 210 212 212 211 212 213 213 212 215 216 217 216 216 216 
214 210 213 213 213 214 214 213 210 208 211 212 208 208 209 206 205 206 203 201 
199 191 190 190 192 192 195 194 195 198 198 198 198 199 198 194 196 197 197 196 
0 0 0 0 11 193 169 173 176 180 180 179 180 180 179 182 181 180 181 183 
185 186 189 191 190 191 191 192 192 192 192 192 190 188 187 186 190 191 193 194 
194 194 195 195 196 196 198 197 197 198 198 198 200 200 201 201 199 199 199 198 
197 195 197 200 201 202 205 204 203 204 204 202 202 201 205 206 207 207 207 205 
206 207 206 207 206 206 207 209 207 208 207 208 210 209 210 207 208 206 209 209 
206 207 206 208 208 207 205 205 204 204 204 205 205 205 209 211 212 214 211 209 
211 213 214 214 213 215 214 214 215 218 219 218 217 217 216 212 214 214 213 214 
214 214 211 210 214 212 210 209 210 207 207 207 203 203 198 189 186 186 189 189 
192 195 195 197 198 197 197 198 196 195 193 196 198 195 0 0 0 0 12 197 
173 173 176 179 181 181 182 182 182 182 182 183 187 188 190 189 191 191 191 192 
193 192 191 192 191 189 183 186 190 192 195 195 195 196 195 195 196 195 198 197 
198 197 198 201 202 202 203 204 202 200 201 200 200 199 197 200 201 204 204 205 
206 206 207 208 208 205 206 205 206 208 210 209 208 208 211 210 210 211 210 209 
210 210 210 209 208 209 210 211 210 209 210 209 210 208 210 210 210 210 208 208 
207 206 204 203 205 206 205 208 212 212 214 214 210 209 212 215 216 216 214 216 
216 213 215 218 219 217 217 217 214 212 215 216 215 214 215 215 212 210 213 213 
211 209 209 209 207 209 207 205 200 188 184 183 187 191 193 195 194 193 196 196 
196 195 196 194 193 192 194 195 0 0 0 0 12 196 172 172 175 181 182 182 
184 181 183 186 187 188 190 190 190 190 192 193 191 192 191 192 192 192 191 187 
186 191 195 197 196 195 195 195 195 197 196 198 199 198 200 200 202 202 203 204 
206 204 202 202 201 201 200 197 200 203 204 206 205 207 207 208 209 209 209 207 
207 207 209 208 209 209 208 210 211 211 210 210 210 210 210 210 210 210 209 209 
211 211 211 211 210 209 210 210 212 211 210 208 208 209 208 207 205 204 205 206 
204 209 213 212 216 214 210 210 213 215 216 216 215 217 217 214 215 218 219 219 
218 218 215 213 216 216 215 214 215 215 212 211 213 214 210 210 210 208 207 209 
208 207 203 189 183 178 180 187 193 194 195 192 194 195 195 194 193 192 193 192 
192 193 0 0 0 0 12 194 169 172 174 178 181 182 183 184 187 190 191 191 
193 193 192 191 192 193 192 191 191 189 191 190 191 193 193 196 198 199 197 196 
195 195 199 200 200 200 199 200 202 202 203 204 204 205 204 204 204 202 202 202 
198 199 204 205 207 208 208 209 209 210 211 210 210 209 209 209 210 209 210 210 
210 212 211 210 210 211 209 211 212 210 212 210 210 211 212 211 212 213 210 210 
212 213 214 213 212 209 209 210 210 207 205 202 203 204 205 209 213 214 216 212 
211 211 212 215 217 216 216 217 216 216 217 218 218 218 219 220 217 215 217 218 
217 214 215 215 214 212 215 215 212 209 210 210 206 208 209 208 205 190 178 175 
178 185 191 193 194 194 193 192 193 194 191 190 191 190 190 190 0 0 0 0 
11 191 166 171 174 177 178 182 187 189 190 191 193 194 196 196 196 195 193 194 
192 194 189 190 192 195 194 194 199 198 197 197 198 196 196 198 200 200 200 201 
200 200 201 204 204 203 204 203 203 201 202 203 201 200 201 205 208 207 210 210 
209 210 210 212 211 210 210 211 210 209 210 211 212 211 212 212 211 210 210 210 
210 211 212 212 213 209 210 211 212 213 213 214 212 211 214 214 215 215 214 211 
212 212 210 206 202 203 204 204 208 212 214 215 216 213 213 212 214 216 219 218 
218 217 217 215 218 221 220 220 219 220 217 215 217 216 217 217 218 218 215 211 
215 216 214 211 212 210 206 208 210 208 203 193 184 180 183 187 190 191 193 194 
192 191 194 194 190 189 190 191 189 188 0 0 0 0 11 191 165 169 172 174 
179 184 188 190 190 191 195 193 194 196 196 195 194 193 191 193 192 193 196 196 
196 196 198 197 196 198 198 196 197 199 200 201 202 203 201 202 202 203 203 204 
205 203 202 202 203 204 203 203 206 207 209 209 211 210 210 210 211 213 212 212 
212 212 211 210 212 212 212 213 213 212 210 212 210 210 211 211 212 212 213 211 
211 213 212 213 214 214 212 211 214 214 214 215 214 213 214 210 207 203 202 202 
204 207 211 215 215 217 216 214 214 213 214 217 218 218 219 220 217 216 220 222 
221 221 219 220 218 217 218 218 218 217 216 217 216 211 215 216 214 212 210 210 
206 208 210 207 204 195 187 185 187 189 192 191 191 192 193 193 194 193 189 188 
190 190 188 188 0 0 0 0 11 188 163 166 171 175 180 185 187 189 191 191 
192 192 194 193 193 191 192 191 190 191 195 195 198 198 196 196 196 196 196 199 
198 199 199 202 201 203 204 205 203 205 205 202 205 204 204 204 204 205 204 203 
205 208 210 211 211 210 213 211 211 211 214 213 212 212 212 212 212 213 214 213 
211 213 212 211 212 212 211 213 212 211 211 211 213 212 213 214 213 214 216 214 
212 213 215 216 215 213 213 212 210 206 202 200 201 201 205 208 215 217 218 220 
218 215 214 214 214 217 218 217 218 219 218 217 219 221 221 221 220 220 219 215 
217 216 217 218 217 217 214 212 213 214 212 212 211 210 206 206 208 206 204 196 
189 188 191 191 192 190 189 192 195 194 193 191 190 189 190 188 187 188 0 0 
0 0 11 186 161 165 172 176 180 183 186 191 193 195 194 193 192 191 191 191 
190 191 192 193 196 197 198 196 195 196 196 197 200 199 199 201 201 204 203 204 
204 204 205 204 203 203 204 204 204 205 205 203 201 204 208 211 213 212 212 212 
213 213 212 214 213 213 211 211 211 213 212 212 213 214 212 214 213 212 213 213 
212 213 214 210 212 211 213 213 214 215 214 215 215 213 214 213 215 214 214 213 
213 212 211 208 201 200 201 200 204 208 216 218 220 219 219 214 213 215 216 218 
218 217 217 218 217 217 221 221 221 220 220 222 220 215 217 218 217 218 218 217 
214 213 214 214 211 212 211 210 206 205 207 205 204 195 191 191 191 191 192 190 
190 192 195 194 192 189 191 191 191 190 188 188 0 0 0 0 11 184 162 167 
171 173 177 182 186 190 193 192 192 192 191 189 189 191 191 192 196 196 196 197 
196 196 197 198 196 197 199 200 201 202 204 205 203 204 205 204 204 203 204 204 
204 205 206 204 201 202 206 209 212 213 214 212 214 215 213 215 214 214 212 213 
213 213 213 212 213 213 213 214 213 214 213 213 215 214 214 215 214 212 213 213 
214 214 215 216 216 216 216 214 213 213 214 214 213 214 213 212 213 208 202 202 
200 203 206 210 217 219 222 220 220 217 215 215 217 218 218 217 218 218 216 218 
222 222 221 220 220 221 219 215 216 218 218 217 219 217 216 214 213 214 212 211 
209 211 207 204 206 205 203 198 193 193 192 192 190 190 192 194 195 193 190 188 
192 193 192 191 189 189 0 0 0 0 11 185 161 166 170 173 178 183 185 187 
190 190 191 189 189 190 193 191 191 197 196 196 194 195 194 196 198 197 197 197 
201 202 202 203 205 204 203 205 205 204 204 204 205 204 206 205 203 200 201 204 
207 212 214 214 214 214 215 213 214 215 213 213 213 214 213 216 214 213 214 212 
214 214 213 214 215 214 214 214 215 214 214 213 213 213 214 215 217 216 217 218 
215 215 216 215 216 216 214 213 213 213 212 207 202 202 204 204 206 210 218 220 
222 221 221 218 215 216 217 219 219 218 218 221 218 218 222 223 221 220 219 222 
218 216 217 218 219 219 218 217 215 213 214 214 213 210 209 210 209 206 206 206 
203 199 195 193 192 193 192 190 193 194 193 193 190 188 191 194 190 191 189 189 
0 0 0 0 11 184 160 164 170 175 176 180 183 184 187 188 188 188 189 191 
192 192 193 196 196 195 195 196 196 197 198 197 198 199 201 202 203 205 204 203 
203 204 204 204 205 205 205 205 206 202 202 202 204 207 210 213 214 216 215 215 
213 215 214 214 213 212 214 214 215 216 215 214 214 213 214 214 214 214 213 214 
214 214 215 215 214 212 213 214 214 216 216 216 218 218 215 215 217 215 217 216 
213 213 214 213 211 208 204 204 204 204 207 212 218 220 223 222 221 217 217 216 
218 220 220 219 219 220 218 218 222 223 221 219 219 223 218 216 217 217 218 218 
217 217 215 212 214 214 213 212 209 209 209 205 207 208 204 198 195 194 193 192 
191 191 194 193 192 194 191 189 191 192 189 190 189 190 0 0 0 0 11 183 
159 163 167 171 176 177 182 182 184 186 189 191 193 192 194 194 194 194 195 195 
197 197 196 200 198 199 202 201 202 204 203 203 202 202 203 205 206 205 205 205 
206 204 201 201 203 206 208 212 213 214 215 215 216 215 214 215 215 215 214 214 
213 214 215 216 215 214 212 213 213 213 214 215 215 215 215 216 213 214 213 213 
213 216 216 217 217 217 218 216 217 215 216 216 214 215 211 210 211 213 208 206 
204 204 205 206 210 217 219 220 222 223 220 217 218 218 220 220 219 218 220 221 
219 219 222 223 222 221 220 221 219 216 218 218 219 218 218 217 216 214 215 215 
215 213 210 210 210 207 207 208 205 200 198 195 194 192 191 192 195 194 193 193 
192 189 192 192 192 191 190 191 0 0 0 0 11 183 156 160 164 168 172 174 
177 182 184 187 192 194 194 192 194 194 193 194 196 196 196 196 198 200 200 201 
200 201 202 201 202 203 203 203 204 206 206 205 206 205 204 202 201 202 207 210 
212 213 216 214 214 216 216 216 216 215 215 215 215 214 213 214 215 216 215 213 
212 214 213 213 214 215 214 215 214 215 215 214 212 213 215 217 218 217 217 218 
218 218 218 216 216 216 216 216 214 213 211 212 207 203 202 202 206 205 212 218 
221 220 221 222 221 218 219 218 221 220 219 218 220 221 219 221 223 223 224 222 
222 220 219 217 218 218 218 218 219 217 217 214 214 215 216 214 210 211 212 206 
207 209 206 201 197 194 194 192 191 191 197 195 193 194 194 189 192 193 192 190 
190 191 0 0 0 0 10 178 155 157 161 165 169 172 176 182 184 187 192 193 
193 192 194 194 193 195 196 196 196 197 199 200 200 200 201 201 202 200 203 203 
202 204 203 204 205 204 205 205 203 201 203 208 211 211 215 214 216 216 216 216 
215 215 215 216 215 215 215 215 215 214 215 214 212 212 213 214 215 215 216 215 
215 214 214 216 214 214 213 214 216 216 217 217 215 219 218 219 218 216 216 217 
216 215 215 215 213 211 204 201 198 204 205 205 212 218 222 221 223 222 221 218 
218 218 221 221 219 220 220 220 218 222 223 224 223 221 222 222 220 217 218 219 
218 218 219 217 217 215 214 216 216 214 211 210 211 208 206 209 207 201 195 194 
195 192 191 192 196 195 194 194 192 189 192 192 190 191 191 191 0 0 0 0 
10 176 151 154 157 162 167 170 176 181 185 188 188 190 191 192 194 193 195 196 
196 196 198 198 201 200 199 199 200 200 200 201 203 204 203 204 204 203 205 205 
203 202 202 205 208 211 214 215 215 214 215 217 216 217 216 215 215 216 214 215 
217 215 215 214 214 215 214 214 216 216 216 217 217 216 216 214 215 214 215 215 
214 216 216 217 218 217 217 219 218 219 219 216 218 218 217 216 217 215 213 210 
203 201 200 205 205 206 214 219 221 222 221 222 219 218 218 218 222 221 221 222 
221 220 219 223 225 225 223 221 220 221 219 216 219 221 218 218 218 217 216 214 
214 215 215 213 210 211 209 209 208 210 208 201 195 194 196 192 190 192 198 197 
196 194 192 189 191 193 193 193 192 191 0 0 0 0 10 172 146 150 155 160 
165 170 176 179 181 184 185 187 190 193 193 195 196 197 196 197 200 199 200 199 
198 198 199 199 201 203 204 204 203 203 203 204 205 203 201 203 206 208 212 214 
214 215 215 217 217 216 217 217 215 215 215 215 216 216 216 215 216 216 217 214 
214 216 217 216 215 216 215 215 214 214 212 213 214 213 212 215 216 218 216 217 
218 220 219 219 219 216 217 219 217 216 216 216 214 210 205 204 203 206 207 208 
216 220 221 221 223 222 219 217 219 220 222 223 221 220 221 220 219 224 225 225 
224 222 222 221 220 217 220 219 216 217 218 217 216 215 213 215 215 213 211 210 
209 210 208 209 208 203 196 195 196 191 191 192 197 198 195 194 194 191 191 192 
191 191 191 192 0 0 0 0 10 167 142 148 153 159 164 168 172 175 177 181 
184 186 190 193 193 196 197 196 195 199 201 200 200 199 198 200 202 201 202 201 
202 201 202 203 204 204 203 204 205 205 207 210 213 213 214 215 214 216 216 215 
216 215 216 216 216 216 215 215 214 214 215 215 216 215 216 215 215 216 215 216 
213 212 211 214 214 214 214 213 213 215 217 217 216 217 219 219 218 217 217 216 
217 218 217 217 217 216 215 209 205 206 207 208 209 212 219 220 221 221 223 222 
220 218 219 220 223 222 221 221 222 221 221 224 224 224 224 222 220 221 220 216 
220 218 217 217 218 217 215 215 213 213 214 214 214 211 210 208 206 209 208 204 
196 195 196 192 191 192 197 198 194 192 193 192 190 193 191 190 191 192 0 0 
0 0 10 164 139 147 152 157 162 164 167 172 176 179 184 187 190 192 194 198 
198 198 197 199 201 201 200 200 199 200 201 201 200 200 200 200 201 200 201 203 
206 206 207 208 209 212 213 215 215 213 215 215 214 214 214 215 216 216 216 216 
215 214 213 214 215 216 216 215 216 217 215 216 215 213 211 212 212 215 215 214 
214 214 216 215 216 216 216 216 218 219 217 217 216 216 217 217 217 217 217 219 
215 209 209 208 208 208 209 214 220 222 222 221 223 222 220 218 218 219 222 222 
220 221 222 221 220 222 223 224 224 222 220 221 221 217 219 218 217 217 218 216 
214 213 212 212 215 213 211 211 211 209 206 207 210 206 197 195 198 195 193 193 
197 198 193 194 192 191 190 192 191 191 191 191 0 0 0 0 9 163 139 145 
150 155 160 161 165 171 176 180 188 189 192 193 197 201 201 200 203 203 203 203 
203 203 202 203 204 204 203 201 203 200 201 202 205 208 210 212 212 212 214 215 
216 217 217 217 218 217 217 216 218 216 218 217 217 220 219 217 215 218 218 219 
218 218 220 219 219 219 217 216 216 216 216 219 219 218 218 217 218 220 220 219 
220 221 220 220 220 220 220 219 219 221 221 220 221 221 218 214 213 213 211 211 
211 216 220 224 224 224 225 224 222 221 221 222 224 225 224 224 224 224 223 224 
225 226 226 226 224 224 224 221 224 224 221 221 222 220 219 218 215 216 217 216 
214 212 214 211 209 209 212 208 199 197 201 198 196 196 201 201 198 196 195 194 
195 195 195 194 192 192 0 0 0 0 10 167 142 146 152 157 161 165 169 176 
182 187 193 195 198 200 205 207 208 208 209 209 210 209 209 209 210 209 209 210 
207 206 206 207 208 213 216 218 220 220 219 219 222 223 223 224 224 224 224 224 
223 222 223 224 224 223 224 225 224 223 222 223 224 225 225 225 226 225 225 225 
224 223 224 224 225 225 224 225 223 222 224 227 227 226 227 228 227 227 227 227 
226 226 226 227 228 226 227 227 223 221 219 220 219 218 219 221 225 229 229 229 
229 228 227 227 227 227 229 230 229 229 229 229 228 229 230 231 231 230 229 229 
229 227 229 229 227 227 227 226 224 224 222 222 224 224 221 220 221 218 215 216 
217 216 206 206 208 204 202 202 207 208 205 202 202 202 201 201 202 200 198 199 
0 0 0 0 9 162 136 142 147 152 160 164 168 174 181 186 191 193 197 201 
203 205 206 207 209 209 209 210 209 210 210 208 207 207 205 204 207 210 213 216 
218 219 220 220 220 221 222 224 224 225 224 225 225 224 224 224 224 224 222 223 
224 225 223 223 224 224 225 226 224 224 226 226 225 225 225 225 226 226 226 225 
225 226 224 223 226 227 227 227 228 227 228 228 228 227 227 227 227 228 229 227 
229 227 224 221 220 221 219 219 221 220 226 231 229 228 230 229 227 226 227 228 
230 230 229 229 230 228 228 230 231 231 231 230 229 230 230 227 227 228 227 228 
227 226 225 223 222 222 226 225 221 219 219 218 215 215 216 216 209 208 210 206 
202 202 207 209 207 204 203 202 200 202 203 201 200 200 0 0 0 0 9 157 
132 139 145 152 158 162 167 172 179 183 188 190 196 199 201 202 204 205 208 208 
209 207 207 206 207 206 206 206 207 207 211 213 215 217 218 219 220 221 222 221 
222 222 224 224 224 224 224 224 224 223 224 224 223 224 223 223 223 224 223 223 
225 225 224 224 224 225 224 224 225 225 226 226 227 225 225 226 226 223 225 228 
227 228 228 228 228 228 227 228 227 228 229 228 228 227 228 228 224 222 223 222 
221 220 221 221 226 230 228 228 229 227 225 227 227 229 230 230 229 230 229 228 
226 230 231 231 231 229 229 230 231 227 227 228 225 226 226 227 224 223 222 223 
226 226 222 220 217 217 217 214 217 217 209 208 210 206 201 202 206 211 208 204 
203 202 201 202 204 203 202 200 0 0 0 0 9 153 131 136 142 149 155 160 
166 170 175 179 185 188 193 196 199 200 202 204 207 206 206 205 206 207 206 205 
209 210 211 212 214 214 216 217 217 218 219 220 221 222 222 222 223 223 223 224 
224 224 224 223 223 223 224 223 222 222 223 224 223 224 224 224 222 224 224 224 
224 225 224 224 225 225 226 224 225 226 225 225 227 228 227 228 228 228 228 229 
227 228 230 228 228 229 228 228 228 228 225 223 223 223 221 222 221 223 227 230 
228 227 227 228 226 226 226 229 230 230 229 230 230 228 227 230 230 231 231 228 
229 229 230 227 227 229 225 226 226 226 224 222 221 223 226 225 222 219 218 218 
217 214 217 218 210 209 210 205 202 202 206 211 209 206 203 202 202 202 203 205 
203 201 0 0 0 0 8 150 125 132 140 145 152 156 162 166 170 176 182 186 
189 193 197 199 200 202 203 203 203 205 208 209 209 209 211 212 214 215 215 217 
217 215 217 218 218 220 220 221 221 221 222 223 223 224 222 223 222 222 224 224 
224 222 223 223 225 222 222 221 222 222 223 224 225 223 223 222 222 224 224 225 
224 226 227 227 227 225 226 228 227 228 228 229 229 228 227 229 228 229 228 230 
229 228 228 228 225 224 225 225 222 223 222 224 228 228 228 228 227 226 226 227 
227 229 230 230 230 231 230 230 230 230 230 231 231 230 229 229 229 227 227 227 
226 225 226 227 224 222 222 223 225 225 222 219 219 219 218 215 217 218 212 211 
209 205 202 201 205 210 210 206 204 203 202 200 204 206 203 200 

